33 56
2.500 0
118.000 560
5.000000
4.25 3.104e-10 7.75 1.984e-10 11.25 5.232e-11 14.75 4.931e-11
18.25 1.210e-10 21.75 1.718e-10 25.25 1.374e-08 28.75 4.254e-11
32.25 1.321e-08 35.75 1.115e-09 39.25 7.881e-10 42.75 5.026e-09
46.25 1.591e-08 49.75 8.006e-09 53.25 2.451e-09 56.75 2.375e-09
60.25 2.390e-09 63.75 1.135e-09 67.25 6.531e-10 70.75 5.792e-10
74.25 9.541e-10 77.75 9.335e-10 81.25 1.716e-10 84.75 3.529e-10
88.25 5.364e-10 91.75 7.036e-10 95.25 1.247e-09 98.75 5.048e-10
102.25 3.949e-10 105.75 9.950e-10 109.25 1.222e-10 112.75 3.212e-10
116.25 5.725e-11
15.000000
4.25 3.045e-10 7.75 1.961e-10 11.25 5.593e-11 14.75 9.329e-10
18.25 1.151e-10 21.75 1.424e-09 25.25 1.351e-08 28.75 4.144e-11
32.25 1.301e-08 35.75 1.110e-09 39.25 8.030e-10 42.75 4.982e-09
46.25 1.567e-08 49.75 7.909e-09 53.25 2.449e-09 56.75 2.353e-09
60.25 2.348e-09 63.75 1.144e-09 67.25 6.989e-10 70.75 5.945e-10
74.25 9.534e-10 77.75 9.430e-10 81.25 1.966e-10 84.75 3.656e-10
88.25 5.337e-10 91.75 6.919e-10 95.25 1.238e-09 98.75 5.153e-10
102.25 4.029e-10 105.75 9.664e-10 109.25 1.240e-10 112.75 3.292e-10
116.25 6.661e-11
25.000000
4.25 2.932e-10 7.75 1.917e-10 11.25 6.219e-11 14.75 2.569e-09
18.25 1.044e-10 21.75 3.765e-09 25.25 1.306e-08 28.75 3.933e-11
32.25 1.262e-08 35.75 1.099e-09 39.25 8.285e-10 42.75 4.896e-09
46.25 1.520e-08 49.75 7.721e-09 53.25 2.442e-09 56.75 2.310e-09
60.25 2.267e-09 63.75 1.158e-09 67.25 7.802e-10 70.75 6.209e-10
74.25 9.508e-10 77.75 9.578e-10 81.25 2.413e-10 84.75 3.878e-10
88.25 5.279e-10 91.75 6.690e-10 95.25 1.217e-09 98.75 5.326e-10
102.25 4.164e-10 105.75 9.125e-10 109.25 1.268e-10 112.75 3.426e-10
116.25 8.318e-11
35.000000
4.25 2.771e-10 7.75 1.853e-10 11.25 6.964e-11 14.75 4.782e-09
18.25 9.058e-11 21.75 6.999e-09 25.25 1.241e-08 28.75 3.631e-11
32.25 1.207e-08 35.75 1.081e-09 39.25 8.586e-10 42.75 4.765e-09
46.25 1.453e-08 49.75 7.441e-09 53.25 2.423e-09 56.75 2.245e-09
60.25 2.152e-09 63.75 1.170e-09 67.25 8.820e-10 70.75 6.524e-10
74.25 9.439e-10 77.75 9.710e-10 81.25 2.982e-10 84.75 4.148e-10
88.25 5.177e-10 91.75 6.347e-10 95.25 1.181e-09 98.75 5.507e-10
102.25 4.319e-10 105.75 8.366e-10 109.25 1.295e-10 112.75 3.576e-10
116.25 1.038e-10
45.000000
4.25 2.571e-10 7.75 1.772e-10 11.25 7.644e-11 14.75 7.312e-09
18.25 7.574e-11 21.75 1.081e-08 25.25 1.160e-08 28.75 3.259e-11
32.25 1.136e-08 35.75 1.053e-09 39.25 8.850e-10 42.75 4.588e-09
46.25 1.367e-08 49.75 7.074e-09 53.25 2.384e-09 56.75 2.157e-09
60.25 2.010e-09 63.75 1.175e-09 67.25 9.839e-10 70.75 6.808e-10
74.25 9.301e-10 77.75 9.738e-10 81.25 3.570e-10 84.75 4.403e-10
88.25 5.016e-10 91.75 5.897e-10 95.25 1.128e-09 98.75 5.619e-10
102.25 4.445e-10 105.75 7.448e-10 109.25 1.304e-10 112.75 3.690e-10
116.25 1.244e-10
55.000000
4.25 2.346e-10 7.75 1.678e-10 11.25 8.110e-11 14.75 9.887e-09
18.25 6.177e-11 21.75 1.485e-08 25.25 1.066e-08 28.75 2.846e-11
32.25 1.054e-08 35.75 1.017e-09 39.25 9.013e-10 42.75 4.370e-09
46.25 1.268e-08 49.75 6.633e-09 53.25 2.320e-09 56.75 2.050e-09
60.25 1.849e-09 63.75 1.165e-09 67.25 1.068e-09 70.75 6.994e-10
74.25 9.074e-10 77.75 9.603e-10 81.25 4.083e-10 84.75 4.589e-10
88.25 4.792e-10 91.75 5.359e-10 95.25 1.056e-09 98.75 5.609e-10
102.25 4.503e-10 105.75 6.442e-10 109.25 1.286e-10 112.75 3.728e-10
116.25 1.411e-10
65.000000
4.25 2.105e-10 7.75 1.573e-10 11.25 8.215e-11 14.75 1.224e-08
18.25 5.032e-11 21.75 1.878e-08 25.25 9.638e-09 28.75 2.420e-11
32.25 9.624e-09 35.75 9.699e-10 39.25 9.005e-10 42.75 4.108e-09
46.25 1.158e-08 49.75 6.124e-09 53.25 2.222e-09 56.75 1.924e-09
60.25 1.676e-09 63.75 1.134e-09 67.25 1.117e-09 70.75 7.010e-10
74.25 8.730e-10 77.75 9.236e-10 81.25 4.426e-10 84.75 4.651e-10
88.25 4.491e-10 91.75 4.746e-10 95.25 9.641e-10 98.75 5.418e-10
102.25 4.450e-10 105.75 5.410e-10 109.25 1.230e-10 112.75 3.642e-10
116.25 1.504e-10
75.000000
4.25 1.858e-10 7.75 1.461e-10 11.25 7.964e-11 14.75 1.422e-08
18.25 4.178e-11 21.75 2.232e-08 25.25 8.572e-09 28.75 2.009e-11
32.25 8.662e-09 35.75 9.148e-10 39.25 8.823e-10 42.75 3.813e-09
46.25 1.043e-08 49.75 5.571e-09 53.25 2.095e-09 56.75 1.783e-09
60.25 1.498e-09 63.75 1.083e-09 67.25 1.127e-09 70.75 6.850e-10
74.25 8.277e-10 77.75 8.658e-10 81.25 4.574e-10 84.75 4.579e-10
88.25 4.129e-10 91.75 4.094e-10 95.25 8.576e-10 98.75 5.059e-10
102.25 4.284e-10 105.75 4.411e-10 109.25 1.139e-10 112.75 3.434e-10
116.25 1.516e-10
85.000000
4.25 1.615e-10 7.75 1.344e-10 11.25 7.339e-11 14.75 1.562e-08
18.25 3.653e-11 21.75 2.517e-08 25.25 7.504e-09 28.75 1.637e-11
32.25 7.681e-09 35.75 8.519e-10 39.25 8.441e-10 42.75 3.487e-09
46.25 9.247e-09 49.75 4.986e-09 53.25 1.937e-09 56.75 1.630e-09
60.25 1.323e-09 63.75 1.011e-09 67.25 1.090e-09 70.75 6.485e-10
74.25 7.703e-10 77.75 7.866e-10 81.25 4.484e-10 84.75 4.352e-10
88.25 3.708e-10 91.75 3.434e-10 95.25 7.395e-10 98.75 4.529e-10
102.25 3.991e-10 105.75 3.500e-10 109.25 1.015e-10 112.75 3.094e-10
116.25 1.437e-10
95.000000
4.25 1.383e-10 7.75 1.224e-10 11.25 6.451e-11 14.75 1.640e-08
18.25 3.375e-11 21.75 2.717e-08 25.25 6.470e-09 28.75 1.315e-11
32.25 6.714e-09 35.75 7.836e-10 39.25 7.894e-10 42.75 3.141e-09
46.25 8.081e-09 49.75 4.392e-09 53.25 1.756e-09 56.75 1.469e-09
60.25 1.156e-09 63.75 9.211e-10 67.25 1.013e-09 70.75 5.947e-10
74.25 7.027e-10 77.75 6.927e-10 81.25 4.183e-10 84.75 3.991e-10
88.25 3.254e-10 91.75 2.801e-10 95.25 6.174e-10 98.75 3.885e-10
102.25 3.592e-10 105.75 2.709e-10 109.25 8.703e-11 112.75 2.657e-10
116.25 1.283e-10
105.000000
4.25 1.167e-10 7.75 1.104e-10 11.25 5.434e-11 14.75 1.660e-08
18.25 3.232e-11 21.75 2.829e-08 25.25 5.497e-09 28.75 1.043e-11
32.25 5.787e-09 35.75 7.124e-10 39.25 7.231e-10 42.75 2.785e-09
46.25 6.961e-09 49.75 3.805e-09 53.25 1.561e-09 56.75 1.306e-09
60.25 9.997e-10 63.75 8.205e-10 67.25 9.071e-10 70.75 5.287e-10
74.25 6.279e-10 77.75 5.921e-10 81.25 3.728e-10 84.75 3.534e-10
88.25 2.792e-10 91.75 2.224e-10 95.25 4.982e-10 98.75 3.191e-10
102.25 3.123e-10 105.75 2.046e-10 109.25 7.191e-11 112.75 2.170e-10
116.25 1.084e-10
115.000000
4.25 9.704e-11 7.75 9.846e-11 11.25 4.410e-11 14.75 1.626e-08
18.25 3.124e-11 21.75 2.853e-08 25.25 4.606e-09 28.75 8.160e-12
32.25 4.920e-09 35.75 6.404e-10 39.25 6.498e-10 42.75 2.430e-09
46.25 5.910e-09 49.75 3.242e-09 53.25 1.361e-09 56.75 1.145e-09
60.25 8.573e-10 63.75 7.140e-10 67.25 7.836e-10 70.75 4.552e-10
74.25 5.488e-10 77.75 4.918e-10 81.25 3.174e-10 84.75 3.018e-10
88.25 2.346e-10 91.75 1.727e-10 95.25 3.879e-10 98.75 2.507e-10
102.25 2.616e-10 105.75 1.514e-10 109.25 5.733e-11 112.75 1.681e-10
116.25 8.654e-11
125.000000
4.25 7.947e-11 7.75 8.685e-11 11.25 3.487e-11 14.75 1.547e-08
18.25 2.963e-11 21.75 2.794e-08 25.25 3.810e-09 28.75 6.254e-12
32.25 4.129e-09 35.75 5.697e-10 39.25 5.744e-10 42.75 2.085e-09
46.25 4.945e-09 49.75 2.716e-09 53.25 1.165e-09 56.75 9.892e-10
60.25 7.304e-10 63.75 6.073e-10 67.25 6.541e-10 70.75 3.794e-10
74.25 4.686e-10 77.75 3.981e-10 81.25 2.584e-10 84.75 2.481e-10
88.25 1.936e-10 91.75 1.322e-10 95.25 2.914e-10 98.75 1.885e-10
102.25 2.108e-10 105.75 1.104e-10 109.25 4.431e-11 112.75 1.233e-10
116.25 6.542e-11
135.000000
4.25 6.408e-11 7.75 7.567e-11 11.25 2.733e-11 14.75 1.435e-08
18.25 2.700e-11 21.75 2.664e-08 25.25 3.113e-09 28.75 4.644e-12
32.25 3.423e-09 35.75 5.023e-10 39.25 5.014e-10 42.75 1.759e-09
46.25 4.078e-09 49.75 2.236e-09 53.25 9.813e-10 56.75 8.425e-10
60.25 6.196e-10 63.75 5.052e-10 67.25 5.292e-10 70.75 3.062e-10
74.25 3.907e-10 77.75 3.160e-10 81.25 2.015e-10 84.75 1.962e-10
88.25 1.578e-10 91.75 1.012e-10 95.25 2.116e-10 98.75 1.363e-10
102.25 1.632e-10 105.75 7.993e-11 109.25 3.349e-11 112.75 8.609e-11
116.25 4.709e-11
145.000000
4.25 5.085e-11 7.75 6.506e-11 11.25 2.176e-11 14.75 1.299e-08
18.25 2.324e-11 21.75 2.478e-08 25.25 2.517e-09 28.75 3.297e-12
32.25 2.805e-09 35.75 4.397e-10 39.25 4.343e-10 42.75 1.460e-09
46.25 3.317e-09 49.75 1.809e-09 53.25 8.146e-10 56.75 7.080e-10
60.25 5.242e-10 63.75 4.116e-10 67.25 4.168e-10 70.75 2.399e-10
74.25 3.185e-10 77.75 2.479e-10 81.25 1.512e-10 84.75 1.494e-10
88.25 1.278e-10 91.75 7.903e-11 95.25 1.495e-10 98.75 9.592e-11
102.25 1.214e-10 105.75 5.824e-11 109.25 2.510e-11 112.75 5.814e-11
116.25 3.280e-11
155.000000
4.25 3.968e-11 7.75 5.516e-11 11.25 1.801e-11 14.75 1.151e-08
18.25 1.862e-11 21.75 2.252e-08 25.25 2.013e-09 28.75 2.215e-12
32.25 2.276e-09 35.75 3.833e-10 39.25 3.753e-10 42.75 1.193e-09
46.25 2.660e-09 49.75 1.440e-09 53.25 6.688e-10 56.75 5.880e-10
60.25 4.430e-10 63.75 3.293e-10 67.25 3.222e-10 70.75 1.832e-10
74.25 2.545e-10 77.75 1.946e-10 81.25 1.102e-10 84.75 1.097e-10
88.25 1.038e-10 91.75 6.419e-11 95.25 1.044e-10 98.75 6.742e-11
102.25 8.733e-11 105.75 4.354e-11 109.25 1.905e-11 112.75 3.948e-11
116.25 2.289e-11
165.000000
4.25 3.043e-11 7.75 4.607e-11 11.25 1.566e-11 14.75 9.992e-09
18.25 1.365e-11 21.75 2.004e-08 25.25 1.595e-09 28.75 1.417e-12
32.25 1.830e-09 35.75 3.336e-10 39.25 3.255e-10 42.75 9.612e-10
46.25 2.106e-09 49.75 1.127e-09 53.25 5.452e-10 56.75 4.840e-10
60.25 3.742e-10 63.75 2.598e-10 67.25 2.471e-10 70.75 1.378e-10
74.25 2.002e-10 77.75 1.551e-10 81.25 7.956e-11 84.75 7.840e-11
88.25 8.512e-11 91.75 5.491e-11 95.25 7.406e-11 98.75 4.932e-11
102.25 6.165e-11 105.75 3.428e-11 109.25 1.496e-11 112.75 2.871e-11
116.25 1.696e-11
175.000000
4.25 2.291e-11 7.75 3.789e-11 11.25 1.419e-11 14.75 8.505e-09
18.25 8.886e-12 21.75 1.747e-08 25.25 1.251e-09 28.75 9.105e-13
32.25 1.460e-09 35.75 2.907e-10 39.25 2.845e-10 42.75 7.651e-10
46.25 1.647e-09 49.75 8.704e-10 53.25 4.429e-10 56.75 3.963e-10
60.25 3.160e-10 63.75 2.032e-10 67.25 1.911e-10 70.75 1.039e-10
74.25 1.565e-10 77.75 1.272e-10 81.25 5.874e-11 84.75 5.559e-11
88.25 7.091e-11 91.75 4.939e-11 95.25 5.551e-11 98.75 3.932e-11
102.25 4.420e-11 105.75 2.914e-11 109.25 1.238e-11 112.75 2.361e-11
116.25 1.416e-11
185.000000
4.25 1.692e-11 7.75 3.067e-11 11.25 1.309e-11 14.75 7.099e-09
18.25 4.788e-12 21.75 1.494e-08 25.25 9.706e-10 28.75 6.647e-13
32.25 1.156e-09 35.75 2.539e-10 39.25 2.515e-10 42.75 6.033e-10
46.25 1.274e-09 49.75 6.646e-10 53.25 3.601e-10 56.75 3.243e-10
60.25 2.664e-10 63.75 1.591e-10 67.25 1.516e-10 70.75 8.071e-11
74.25 1.229e-10 77.75 1.086e-10 81.25 4.619e-11 84.75 4.050e-11
88.25 6.023e-11 91.75 4.611e-11 95.25 4.561e-11 98.75 3.490e-11
102.25 3.397e-11 105.75 2.700e-11 109.25 1.083e-11 112.75 2.186e-11
116.25 1.345e-11
195.000000
4.25 1.226e-11 7.75 2.442e-11 11.25 1.201e-11 14.75 5.811e-09
18.25 1.647e-12 21.75 1.254e-08 25.25 7.441e-10 28.75 6.152e-13
32.25 9.106e-10 35.75 2.225e-10 39.25 2.247e-10 42.75 4.729e-10
46.25 9.758e-10 49.75 5.042e-10 53.25 2.938e-10 56.75 2.664e-10
60.25 2.241e-10 63.75 1.261e-10 67.25 1.254e-10 70.75 6.647e-11
74.25 9.835e-11 77.75 9.655e-11 81.25 3.988e-11 84.75 3.176e-11
88.25 5.219e-11 91.75 4.391e-11 95.25 4.145e-11 98.75 3.374e-11
102.25 2.944e-11 105.75 2.684e-11 109.25 9.938e-12 112.75 2.153e-11
116.25 1.392e-11
205.000000
4.25 8.708e-12 7.75 1.912e-11 11.25 1.074e-11 14.75 4.661e-09
18.25 8.504e-13 21.75 1.033e-08 25.25 5.626e-10 28.75 6.766e-13
32.25 7.137e-10 35.75 1.954e-10 39.25 2.026e-10 42.75 3.700e-10
46.25 7.422e-10 49.75 3.821e-10 53.25 2.413e-10 56.75 2.208e-10
60.25 1.878e-10 63.75 1.021e-10 67.25 1.089e-10 70.75 5.898e-11
74.25 8.120e-11 77.75 8.885e-11 81.25 3.769e-11 84.75 2.770e-11
88.25 4.604e-11 91.75 4.202e-11 95.25 4.056e-11 98.75 3.403e-11
102.25 2.884e-11 105.75 2.772e-11 109.25 9.406e-12 112.75 2.135e-11
116.25 1.483e-11
215.000000
4.25 6.069e-12 7.75 1.471e-11 11.25 9.255e-12 14.75 3.661e-09
18.25 1.573e-12 21.75 8.368e-09 25.25 4.187e-10 28.75 7.653e-13
32.25 5.572e-10 35.75 1.719e-10 39.25 1.837e-10 42.75 2.902e-10
46.25 5.619e-10 49.75 2.912e-10 53.25 1.996e-10 56.75 1.851e-10
60.25 1.568e-10 63.75 8.528e-11 67.25 9.880e-11 70.75 5.590e-11
74.25 6.961e-11 77.75 8.356e-11 81.25 3.775e-11 84.75 2.661e-11
88.25 4.120e-11 91.75 4.002e-11 95.25 4.107e-11 98.75 3.453e-11
102.25 3.043e-11 105.75 2.883e-11 109.25 9.041e-12 112.75 2.072e-11
116.25 1.569e-11
225.000000
4.25 4.156e-12 7.75 1.113e-11 11.25 7.598e-12 14.75 2.814e-09
18.25 1.917e-12 21.75 6.657e-09 25.25 3.061e-10 28.75 8.188e-13
32.25 4.338e-10 35.75 1.513e-10 39.25 1.670e-10 42.75 2.293e-10
46.25 4.246e-10 49.75 2.243e-10 53.25 1.665e-10 56.75 1.570e-10
60.25 1.306e-10 63.75 7.350e-11 67.25 9.227e-11 70.75 5.512e-11
74.25 6.183e-11 77.75 7.922e-11 81.25 3.858e-11 84.75 2.700e-11
88.25 3.723e-11 91.75 3.772e-11 95.25 4.172e-11 98.75 3.454e-11
102.25 3.270e-11 105.75 2.951e-11 109.25 8.723e-12 112.75 1.954e-11
116.25 1.621e-11
235.000000
4.25 2.804e-12 7.75 8.271e-12 11.25 5.892e-12 14.75 2.116e-09
18.25 1.721e-12 21.75 5.202e-09 25.25 2.191e-10 28.75 8.046e-13
32.25 3.372e-10 35.75 1.330e-10 39.25 1.516e-10 42.75 1.831e-10
46.25 3.211e-10 49.75 1.754e-10 53.25 1.399e-10 56.75 1.346e-10
60.25 1.085e-10 63.75 6.499e-11 67.25 8.730e-11 70.75 5.493e-11
74.25 5.633e-11 77.75 7.480e-11 81.25 3.917e-11 84.75 2.768e-11
88.25 3.379e-11 91.75 3.508e-11 95.25 4.171e-11 98.75 3.376e-11
102.25 3.449e-11 105.75 2.932e-11 109.25 8.384e-12 112.75 1.801e-11
116.25 1.629e-11
245.000000
4.25 1.873e-12 7.75 6.044e-12 11.25 4.271e-12 14.75 1.555e-09
18.25 1.227e-12 21.75 3.993e-09 25.25 1.533e-10 28.75 7.206e-13
32.25 2.621e-10 35.75 1.170e-10 39.25 1.371e-10 42.75 1.482e-10
46.25 2.437e-10 49.75 1.392e-10 53.25 1.184e-10 56.75 1.164e-10
60.25 9.025e-11 63.75 5.834e-11 67.25 8.255e-11 70.75 5.413e-11
74.25 5.198e-11 77.75 6.973e-11 81.25 3.891e-11 84.75 2.787e-11
88.25 3.064e-11 91.75 3.216e-11 95.25 4.070e-11 98.75 3.217e-11
102.25 3.511e-11 105.75 2.806e-11 109.25 7.994e-12 112.75 1.641e-11
116.25 1.591e-11
255.000000
4.25 1.261e-12 7.75 4.377e-12 11.25 2.872e-12 14.75 1.127e-09
18.25 6.467e-13 21.75 3.024e-09 25.25 1.054e-10 28.75 5.878e-13
32.25 2.050e-10 35.75 1.031e-10 39.25 1.235e-10 42.75 1.222e-10
46.25 1.871e-10 49.75 1.122e-10 53.25 1.011e-10 56.75 1.012e-10
60.25 7.553e-11 63.75 5.257e-11 67.25 7.724e-11 70.75 5.199e-11
74.25 4.798e-11 77.75 6.374e-11 81.25 3.751e-11 84.75 2.709e-11
88.25 2.765e-11 91.75 2.907e-11 95.25 3.858e-11 98.75 2.992e-11
102.25 3.413e-11 105.75 2.572e-11 109.25 7.539e-12 112.75 1.502e-11
116.25 1.511e-11
265.000000
4.25 8.622e-13 7.75 3.151e-12 11.25 1.778e-12 14.75 8.089e-10
18.25 1.496e-13 21.75 2.265e-09 25.25 7.144e-11 28.75 4.455e-13
32.25 1.615e-10 35.75 9.091e-11 39.25 1.107e-10 42.75 1.023e-10
46.25 1.453e-10 49.75 9.124e-11 53.25 8.686e-11 56.75 8.820e-11
60.25 6.374e-11 63.75 4.708e-11 67.25 7.120e-11 70.75 4.846e-11
74.25 4.392e-11 77.75 5.705e-11 81.25 3.508e-11 84.75 2.534e-11
88.25 2.477e-11 91.75 2.598e-11 95.25 3.558e-11 98.75 2.727e-11
102.25 3.174e-11 105.75 2.263e-11 109.25 7.026e-12 112.75 1.393e-11
116.25 1.402e-11
275.000000
4.25 5.915e-13 7.75 2.241e-12 11.25 9.730e-13 14.75 5.726e-10
18.25 2.347e-13 21.75 1.670e-09 25.25 4.710e-11 28.75 3.195e-13
32.25 1.277e-10 35.75 8.009e-11 39.25 9.864e-11 42.75 8.632e-11
46.25 1.134e-10 49.75 7.424e-11 53.25 7.485e-11 56.75 7.682e-11
60.25 5.411e-11 63.75 4.175e-11 67.25 6.470e-11 70.75 4.401e-11
74.25 3.977e-11 77.75 5.013e-11 81.25 3.199e-11 84.75 2.297e-11
88.25 2.202e-11 91.75 2.303e-11 95.25 3.209e-11 98.75 2.450e-11
102.25 2.849e-11 105.75 1.928e-11 109.25 6.480e-12 112.75 1.304e-11
116.25 1.276e-11
285.000000
4.25 4.074e-13 7.75 1.574e-12 11.25 4.292e-13 14.75 4.007e-10
18.25 4.148e-13 21.75 1.211e-09 25.25 3.010e-11 28.75 2.180e-13
32.25 1.012e-10 35.75 7.028e-11 39.25 8.718e-11 42.75 7.322e-11
46.25 8.895e-11 49.75 6.037e-11 53.25 6.460e-11 56.75 6.683e-11
60.25 4.622e-11 63.75 3.667e-11 67.25 5.801e-11 70.75 3.910e-11
74.25 3.563e-11 77.75 4.340e-11 81.25 2.855e-11 84.75 2.027e-11
88.25 1.947e-11 91.75 2.032e-11 95.25 2.841e-11 98.75 2.176e-11
102.25 2.482e-11 105.75 1.601e-11 109.25 5.918e-12 112.75 1.222e-11
116.25 1.144e-11
295.000000
4.25 2.811e-13 7.75 1.093e-12 11.25 1.366e-13 14.75 2.783e-10
18.25 4.932e-13 21.75 8.624e-10 25.25 1.855e-11 28.75 1.392e-13
32.25 8.049e-11 35.75 6.120e-11 39.25 7.631e-11 42.75 6.223e-11
46.25 7.019e-11 49.75 4.914e-11 53.25 5.573e-11 56.75 5.805e-11
60.25 3.970e-11 63.75 3.198e-11 67.25 5.144e-11 70.75 3.415e-11
74.25 3.165e-11 77.75 3.719e-11 81.25 2.503e-11 84.75 1.753e-11
88.25 1.719e-11 91.75 1.792e-11 95.25 2.478e-11 98.75 1.915e-11
102.25 2.115e-11 105.75 1.310e-11 109.25 5.361e-12 112.75 1.136e-11
116.25 1.015e-11
305.000000
4.25 1.930e-13 7.75 7.498e-13 11.25 6.639e-14 14.75 1.925e-10
18.25 4.752e-13 21.75 6.034e-10 25.25 1.097e-11 28.75 7.509e-14
32.25 6.415e-11 35.75 5.269e-11 39.25 6.601e-11 42.75 5.280e-11
46.25 5.577e-11 49.75 4.016e-11 53.25 4.800e-11 56.75 5.037e-11
60.25 3.425e-11 63.75 2.780e-11 67.25 4.521e-11 70.75 2.950e-11
74.25 2.796e-11 77.75 3.175e-11 81.25 2.165e-11 84.75 1.498e-11
88.25 1.523e-11 91.75 1.587e-11 95.25 2.138e-11 98.75 1.674e-11
102.25 1.779e-11 105.75 1.072e-11 109.25 4.825e-12 112.75 1.040e-11
116.25 8.938e-12
315.000000
4.25 1.306e-13 7.75 5.089e-13 11.25 1.236e-13 14.75 1.330e-10
18.25 3.982e-13 21.75 4.146e-10 25.25 6.173e-12 28.75 2.882e-14
32.25 5.116e-11 35.75 4.467e-11 39.25 5.632e-11 42.75 4.460e-11
46.25 4.465e-11 49.75 3.311e-11 53.25 4.119e-11 56.75 4.366e-11
60.25 2.966e-11 63.75 2.420e-11 67.25 3.948e-11 70.75 2.536e-11
74.25 2.466e-11 77.75 2.719e-11 81.25 1.857e-11 84.75 1.276e-11
88.25 1.360e-11 91.75 1.415e-11 95.25 1.835e-11 98.75 1.457e-11
102.25 1.493e-11 105.75 8.918e-12 109.25 4.323e-12 112.75 9.328e-12
116.25 7.853e-12
325.000000
4.25 8.596e-14 7.75 3.414e-13 11.25 1.169e-13 14.75 9.199e-11
18.25 2.961e-13 21.75 2.796e-10 25.25 3.270e-12 28.75 4.253e-14
32.25 4.073e-11 35.75 3.719e-11 39.25 4.733e-11 42.75 3.742e-11
46.25 3.607e-11 49.75 2.764e-11 53.25 3.517e-11 56.75 3.779e-11
60.25 2.577e-11 63.75 2.118e-11 67.25 3.434e-11 70.75 2.183e-11
74.25 2.179e-11 77.75 2.347e-11 81.25 1.588e-11 84.75 1.093e-11
88.25 1.229e-11 91.75 1.275e-11 95.25 1.574e-11 98.75 1.266e-11
102.25 1.263e-11 105.75 7.658e-12 109.25 3.861e-12 112.75 8.188e-12
116.25 6.914e-12
335.000000
4.25 5.544e-14 7.75 2.310e-13 11.25 8.114e-14 14.75 6.472e-11
18.25 1.975e-13 21.75 1.891e-10 25.25 1.707e-12 28.75 1.017e-13
32.25 3.252e-11 35.75 3.053e-11 39.25 3.930e-11 42.75 3.125e-11
46.25 2.961e-11 49.75 2.351e-11 53.25 2.998e-11 56.75 3.275e-11
60.25 2.252e-11 63.75 1.873e-11 67.25 2.989e-11 70.75 1.893e-11
74.25 1.941e-11 77.75 2.057e-11 81.25 1.366e-11 84.75 9.515e-12
88.25 1.125e-11 91.75 1.163e-11 95.25 1.362e-11 98.75 1.104e-11
102.25 1.092e-11 105.75 6.854e-12 109.25 3.449e-12 112.75 7.073e-12
116.25 6.135e-12
345.000000
4.25 3.385e-14 7.75 1.542e-13 11.25 4.311e-14 14.75 4.529e-11
18.25 1.167e-13 21.75 1.259e-10 25.25 8.269e-13 28.75 1.533e-13
32.25 2.582e-11 35.75 2.477e-11 39.25 3.226e-11 42.75 2.592e-11
46.25 2.447e-11 49.75 2.017e-11 53.25 2.545e-11 56.75 2.832e-11
60.25 1.970e-11 63.75 1.664e-11 67.25 2.601e-11 70.75 1.649e-11
74.25 1.737e-11 77.75 1.814e-11 81.25 1.181e-11 84.75 8.393e-12
88.25 1.036e-11 91.75 1.066e-11 95.25 1.186e-11 98.75 9.660e-12
102.25 9.593e-12 105.75 6.277e-12 109.25 3.077e-12 112.75 6.069e-12
116.25 5.472e-12
355.000000
4.25 1.899e-14 7.75 1.010e-13 11.25 1.172e-14 14.75 3.133e-11
18.25 5.688e-14 21.75 8.217e-11 25.25 3.567e-13 28.75 1.901e-13
32.25 2.035e-11 35.75 1.998e-11 39.25 2.626e-11 42.75 2.134e-11
46.25 2.033e-11 49.75 1.735e-11 53.25 2.153e-11 56.75 2.439e-11
60.25 1.724e-11 63.75 1.480e-11 67.25 2.262e-11 70.75 1.439e-11
74.25 1.561e-11 77.75 1.603e-11 81.25 1.025e-11 84.75 7.474e-12
88.25 9.540e-12 91.75 9.787e-12 95.25 1.041e-11 98.75 8.490e-12
102.25 8.517e-12 105.75 5.804e-12 109.25 2.740e-12 112.75 5.214e-12
116.25 4.896e-12
365.000000
4.25 9.232e-15 7.75 6.474e-14 11.25 1.026e-14 14.75 2.135e-11
18.25 1.688e-14 21.75 5.261e-11 25.25 1.261e-13 28.75 2.068e-13
32.25 1.591e-11 35.75 1.614e-11 39.25 2.127e-11 42.75 1.748e-11
46.25 1.695e-11 49.75 1.488e-11 53.25 1.818e-11 56.75 2.092e-11
60.25 1.507e-11 63.75 1.312e-11 67.25 1.965e-11 70.75 1.255e-11
74.25 1.406e-11 77.75 1.412e-11 81.25 8.938e-12 84.75 6.692e-12
88.25 8.742e-12 91.75 8.961e-12 95.25 9.200e-12 98.75 7.503e-12
102.25 7.597e-12 105.75 5.354e-12 109.25 2.434e-12 112.75 4.520e-12
116.25 4.382e-12
375.000000
4.25 3.232e-15 7.75 4.038e-14 11.25 2.258e-14 14.75 1.428e-11
18.25 7.180e-15 21.75 3.301e-11 25.25 3.255e-14 28.75 2.022e-13
32.25 1.234e-11 35.75 1.319e-11 39.25 1.724e-11 42.75 1.426e-11
46.25 1.415e-11 49.75 1.267e-11 53.25 1.534e-11 56.75 1.786e-11
60.25 1.313e-11 63.75 1.156e-11 67.25 1.706e-11 70.75 1.090e-11
74.25 1.265e-11 77.75 1.233e-11 81.25 7.812e-12 84.75 5.996e-12
88.25 7.939e-12 91.75 8.159e-12 95.25 8.169e-12 98.75 6.670e-12
102.25 6.768e-12 105.75 4.887e-12 109.25 2.156e-12 112.75 3.973e-12
116.25 3.915e-12
385.000000
4.25 8.973e-16 7.75 2.437e-14 11.25 2.729e-14 14.75 9.369e-12
18.25 1.799e-14 21.75 2.030e-11 25.25 1.686e-14 28.75 1.786e-13
32.25 9.510e-12 35.75 1.097e-11 39.25 1.404e-11 42.75 1.162e-11
46.25 1.181e-11 49.75 1.066e-11 53.25 1.294e-11 56.75 1.517e-11
60.25 1.138e-11 63.75 1.009e-11 67.25 1.478e-11 70.75 9.418e-12
74.25 1.136e-11 77.75 1.066e-11 81.25 6.830e-12 84.75 5.353e-12
88.25 7.126e-12 91.75 7.371e-12 95.25 7.273e-12 98.75 5.964e-12
102.25 5.993e-12 105.75 4.391e-12 109.25 1.905e-12 112.75 3.545e-12
116.25 3.484e-12
395.000000
4.25 1.721e-15 7.75 1.412e-14 11.25 2.688e-14 14.75 6.029e-12
18.25 2.143e-14 21.75 1.224e-11 25.25 3.267e-14 28.75 1.418e-13
32.25 7.282e-12 35.75 9.301e-12 39.25 1.151e-11 42.75 9.460e-12
46.25 9.841e-12 49.75 8.853e-12 53.25 1.091e-11 56.75 1.282e-11
60.25 9.797e-12 63.75 8.718e-12 67.25 1.277e-11 70.75 8.088e-12
74.25 1.015e-11 77.75 9.104e-12 81.25 5.963e-12 84.75 4.749e-12
88.25 6.317e-12 91.75 6.601e-12 95.25 6.477e-12 98.75 5.355e-12
102.25 5.261e-12 105.75 3.880e-12 109.25 1.678e-12 112.75 3.198e-12
116.25 3.083e-12
405.000000
4.25 2.247e-15 7.75 7.750e-15 11.25 2.366e-14 14.75 3.823e-12
18.25 2.040e-14 21.75 7.240e-12 25.25 4.023e-14 28.75 9.928e-14
32.25 5.547e-12 35.75 7.997e-12 39.25 9.499e-12 42.75 7.708e-12
46.25 8.179e-12 49.75 7.256e-12 53.25 9.196e-12 56.75 1.077e-11
60.25 8.373e-12 63.75 7.450e-12 67.25 1.099e-11 70.75 6.905e-12
74.25 9.013e-12 77.75 7.694e-12 81.25 5.190e-12 84.75 4.180e-12
88.25 5.535e-12 91.75 5.859e-12 95.25 5.759e-12 98.75 4.820e-12
102.25 4.579e-12 105.75 3.380e-12 109.25 1.475e-12 112.75 2.900e-12
116.25 2.714e-12
415.000000
4.25 2.186e-15 7.75 3.941e-15 11.25 1.936e-14 14.75 2.406e-12
18.25 1.735e-14 21.75 4.204e-12 25.25 4.500e-14 28.75 5.837e-14
32.25 4.206e-12 35.75 6.902e-12 39.25 7.855e-12 42.75 6.280e-12
46.25 6.777e-12 49.75 5.877e-12 53.25 7.723e-12 56.75 9.002e-12
60.25 7.100e-12 63.75 6.305e-12 67.25 9.408e-12 70.75 5.869e-12
74.25 7.944e-12 77.75 6.454e-12 81.25 4.500e-12 84.75 3.649e-12
88.25 4.806e-12 91.75 5.160e-12 95.25 5.104e-12 98.75 4.339e-12
102.25 3.957e-12 105.75 2.914e-12 109.25 1.295e-12 112.75 2.626e-12
116.25 2.379e-12
425.000000
4.25 1.858e-15 7.75 1.769e-15 11.25 1.505e-14 14.75 1.519e-12
18.25 1.378e-14 21.75 2.401e-12 25.25 4.739e-14 28.75 2.456e-14
32.25 3.174e-12 35.75 5.912e-12 39.25 6.469e-12 42.75 5.109e-12
46.25 5.596e-12 49.75 4.717e-12 53.25 6.450e-12 56.75 7.477e-12
60.25 5.980e-12 63.75 5.295e-12 67.25 8.003e-12 70.75 4.975e-12
74.25 6.946e-12 77.75 5.398e-12 81.25 3.887e-12 84.75 3.164e-12
88.25 4.148e-12 91.75 4.512e-12 95.25 4.504e-12 98.75 3.898e-12
102.25 3.405e-12 105.75 2.501e-12 109.25 1.136e-12 112.75 2.362e-12
116.25 2.078e-12
435.000000
4.25 1.454e-15 7.75 6.073e-16 11.25 1.128e-14 14.75 9.726e-13
18.25 1.046e-14 21.75 1.352e-12 25.25 4.647e-14 28.75 1.375e-15
32.25 2.380e-12 35.75 4.973e-12 39.25 5.271e-12 42.75 4.142e-12
46.25 4.604e-12 49.75 3.764e-12 53.25 5.345e-12 56.75 6.172e-12
60.25 5.009e-12 63.75 4.421e-12 67.25 6.758e-12 70.75 4.212e-12
74.25 6.025e-12 77.75 4.521e-12 81.25 3.346e-12 84.75 2.727e-12
88.25 3.569e-12 91.75 3.922e-12 95.25 3.955e-12 98.75 3.485e-12
102.25 2.925e-12 105.75 2.147e-12 109.25 9.961e-13 112.75 2.105e-12
116.25 1.813e-12
445.000000
4.25 1.075e-15 7.75 4.785e-17 11.25 8.237e-15 14.75 6.353e-13
18.25 7.716e-15 21.75 7.533e-13 25.25 4.183e-14 28.75 1.311e-14
32.25 1.772e-12 35.75 4.078e-12 39.25 4.226e-12 42.75 3.337e-12
46.25 3.774e-12 49.75 2.994e-12 53.25 4.388e-12 56.75 5.062e-12
60.25 4.179e-12 63.75 3.678e-12 67.25 5.658e-12 70.75 3.563e-12
74.25 5.183e-12 77.75 3.804e-12 81.25 2.872e-12 84.75 2.341e-12
88.25 3.067e-12 91.75 3.391e-12 95.25 3.453e-12 98.75 3.096e-12
102.25 2.513e-12 105.75 1.850e-12 109.25 8.732e-13 112.75 1.855e-12
116.25 1.579e-12
455.000000
4.25 7.600e-16 7.75 1.938e-16 11.25 5.901e-15 14.75 4.236e-13
18.25 5.579e-15 21.75 4.175e-13 25.25 3.408e-14 28.75 1.837e-14
32.25 1.307e-12 35.75 3.242e-12 39.25 3.318e-12 42.75 2.668e-12
46.25 3.083e-12 49.75 2.380e-12 53.25 3.564e-12 56.75 4.123e-12
60.25 3.478e-12 63.75 3.052e-12 67.25 4.694e-12 70.75 3.012e-12
74.25 4.422e-12 77.75 3.218e-12 81.25 2.457e-12 84.75 2.002e-12
88.25 2.633e-12 91.75 2.915e-12 95.25 2.994e-12 98.75 2.728e-12
102.25 2.159e-12 105.75 1.599e-12 109.25 7.643e-13 112.75 1.617e-12
116.25 1.372e-12
465.000000
4.25 5.192e-16 7.75 2.565e-16 11.25 4.167e-15 14.75 2.862e-13
18.25 3.978e-15 21.75 2.316e-13 25.25 2.449e-14 28.75 1.767e-14
32.25 9.531e-13 35.75 2.491e-12 39.25 2.546e-12 42.75 2.113e-12
46.25 2.508e-12 49.75 1.893e-12 53.25 2.864e-12 56.75 3.335e-12
60.25 2.889e-12 63.75 2.526e-12 67.25 3.857e-12 70.75 2.539e-12
74.25 3.741e-12 77.75 2.734e-12 81.25 2.094e-12 84.75 1.705e-12
88.25 2.258e-12 91.75 2.489e-12 95.25 2.577e-12 98.75 2.379e-12
102.25 1.851e-12 105.75 1.385e-12 109.25 6.668e-13 112.75 1.396e-12
116.25 1.188e-12
475.000000
4.25 3.447e-16 7.75 2.401e-16 11.25 2.908e-15 14.75 1.934e-13
18.25 2.806e-15 21.75 1.295e-13 25.25 1.454e-14 28.75 1.361e-14
32.25 6.865e-13 35.75 1.846e-12 39.25 1.906e-12 42.75 1.657e-12
46.25 2.030e-12 49.75 1.506e-12 53.25 2.278e-12 56.75 2.677e-12
60.25 2.394e-12 63.75 2.085e-12 67.25 3.137e-12 70.75 2.131e-12
74.25 3.136e-12 77.75 2.325e-12 81.25 1.775e-12 84.75 1.446e-12
88.25 1.928e-12 91.75 2.108e-12 95.25 2.197e-12 98.75 2.050e-12
102.25 1.580e-12 105.75 1.197e-12 109.25 5.787e-13 112.75 1.193e-12
116.25 1.022e-12
485.000000
4.25 2.232e-16 7.75 1.946e-16 11.25 2.006e-15 14.75 1.291e-13
18.25 1.958e-15 21.75 7.355e-14 25.25 5.487e-15 28.75 8.311e-15
32.25 4.879e-13 35.75 1.317e-12 39.25 1.393e-12 42.75 1.287e-12
46.25 1.635e-12 49.75 1.197e-12 53.25 1.793e-12 56.75 2.133e-12
60.25 1.977e-12 63.75 1.713e-12 67.25 2.524e-12 70.75 1.775e-12
74.25 2.603e-12 77.75 1.971e-12 81.25 1.494e-12 84.75 1.218e-12
88.25 1.635e-12 91.75 1.768e-12 95.25 1.852e-12 98.75 1.743e-12
102.25 1.338e-12 105.75 1.028e-12 109.25 4.984e-13 112.75 1.010e-12
116.25 8.717e-13
495.000000
4.25 1.412e-16 7.75 1.448e-16 11.25 1.366e-15 14.75 8.374e-14
18.25 1.350e-15 21.75 4.267e-14 25.25 2.154e-15 28.75 3.227e-15
32.25 3.421e-13 35.75 9.032e-13 39.25 9.939e-13 42.75 9.889e-13
46.25 1.308e-12 49.75 9.490e-13 53.25 1.398e-12 56.75 1.684e-12
60.25 1.623e-12 63.75 1.398e-12 67.25 2.007e-12 70.75 1.464e-12
74.25 2.136e-12 77.75 1.657e-12 81.25 1.246e-12 84.75 1.018e-12
88.25 1.373e-12 91.75 1.465e-12 95.25 1.541e-12 98.75 1.461e-12
102.25 1.119e-12 105.75 8.741e-13 109.25 4.248e-13 112.75 8.455e-13
116.25 7.345e-13
505.000000
4.25 8.729e-17 7.75 1.012e-16 11.25 9.153e-16 14.75 5.204e-14
18.25 9.162e-16 21.75 2.533e-14 25.25 7.182e-15 28.75 1.568e-15
32.25 2.365e-13 35.75 5.935e-13 39.25 6.936e-13 42.75 7.522e-13
46.25 1.038e-12 49.75 7.483e-13 53.25 1.079e-12 56.75 1.317e-12
60.25 1.321e-12 63.75 1.130e-12 67.25 1.576e-12 70.75 1.192e-12
74.25 1.730e-12 77.75 1.376e-12 81.25 1.026e-12 84.75 8.407e-13
88.25 1.138e-12 91.75 1.196e-12 95.25 1.264e-12 98.75 1.203e-12
102.25 9.227e-13 105.75 7.323e-13 109.25 3.575e-13 112.75 6.995e-13
116.25 6.098e-13
515.000000
4.25 5.251e-17 7.75 6.715e-17 11.25 6.007e-16 14.75 3.033e-14
18.25 6.090e-16 21.75 1.534e-14 25.25 1.048e-14 28.75 3.683e-15
32.25 1.612e-13 35.75 3.714e-13 39.25 4.740e-13 42.75 5.657e-13
46.25 8.148e-13 49.75 5.849e-13 53.25 8.241e-13 56.75 1.018e-12
60.25 1.063e-12 63.75 9.015e-13 67.25 1.219e-12 70.75 9.557e-13
74.25 1.380e-12 77.75 1.124e-12 81.25 8.330e-13 84.75 6.848e-13
88.25 9.269e-13 91.75 9.606e-13 95.25 1.018e-12 98.75 9.726e-13
102.25 7.469e-13 105.75 6.025e-13 109.25 2.961e-13 112.75 5.704e-13
116.25 4.974e-13
525.000000
4.25 3.126e-17 7.75 4.294e-17 11.25 3.895e-16 14.75 1.647e-14
18.25 3.995e-16 21.75 9.601e-15 25.25 1.191e-14 28.75 5.193e-15
32.25 1.097e-13 35.75 2.239e-13 39.25 3.218e-13 42.75 4.231e-13
46.25 6.339e-13 49.75 4.537e-13 53.25 6.253e-13 56.75 7.791e-13
60.25 8.438e-13 63.75 7.105e-13 67.25 9.325e-13 70.75 7.542e-13
74.25 1.086e-12 77.75 9.028e-13 81.25 6.660e-13 84.75 5.499e-13
88.25 7.424e-13 91.75 7.589e-13 95.25 8.059e-13 98.75 7.721e-13
102.25 5.935e-13 105.75 4.864e-13 109.25 2.413e-13 112.75 4.586e-13
116.25 3.986e-13
535.000000
4.25 1.848e-17 7.75 2.668e-17 11.25 2.494e-16 14.75 8.095e-15
18.25 2.585e-16 21.75 6.160e-15 25.25 1.193e-14 28.75 5.665e-15
32.25 7.491e-14 35.75 1.306e-13 39.25 2.187e-13 42.75 3.146e-13
46.25 4.880e-13 49.75 3.485e-13 53.25 4.709e-13 56.75 5.903e-13
60.25 6.603e-13 63.75 5.519e-13 67.25 7.041e-13 70.75 5.852e-13
74.25 8.413e-13 77.75 7.111e-13 81.25 5.236e-13 84.75 4.344e-13
88.25 5.837e-13 91.75 5.891e-13 95.25 6.265e-13 98.75 6.013e-13
102.25 4.624e-13 105.75 3.847e-13 109.25 1.931e-13 112.75 3.628e-13
116.25 3.133e-13
545.000000
4.25 1.058e-17 7.75 1.586e-17 11.25 1.547e-16 14.75 3.151e-15
18.25 1.620e-16 21.75 3.935e-15 25.25 1.106e-14 28.75 5.472e-15
32.25 5.078e-14 35.75 7.219e-14 39.25 1.477e-13 42.75 2.308e-13
46.25 3.692e-13 49.75 2.630e-13 53.25 3.495e-13 56.75 4.394e-13
60.25 5.060e-13 63.75 4.199e-13 67.25 5.213e-13 70.75 4.439e-13
74.25 6.382e-13 77.75 5.468e-13 81.25 4.027e-13 84.75 3.359e-13
88.25 4.483e-13 91.75 4.471e-13 95.25 4.758e-13 98.75 4.572e-13
102.25 3.515e-13 105.75 2.970e-13 109.25 1.512e-13 112.75 2.811e-13
116.25 2.405e-13
555.000000
4.25 6.052e-18 7.75 9.265e-18 11.25 9.488e-17 14.75 6.900e-16
18.25 1.002e-16 21.75 2.541e-15 25.25 9.625e-15 28.75 4.838e-15
32.25 3.484e-14 35.75 3.950e-14 39.25 1.014e-13 42.75 1.684e-13
46.25 2.757e-13 49.75 1.960e-13 53.25 2.572e-13 56.75 3.233e-13
60.25 3.810e-13 63.75 3.143e-13 67.25 3.810e-13 70.75 3.308e-13
74.25 4.762e-13 77.75 4.119e-13 81.25 3.040e-13 84.75 2.550e-13
88.25 3.375e-13 91.75 3.332e-13 95.25 3.545e-13 98.75 3.410e-13
102.25 2.618e-13 105.75 2.244e-13 109.25 1.161e-13 112.75 2.139e-13
116.25 1.810e-13
