33 56
2.500 0
118.000 560
5.000000
4.25 3.168e-10 7.75 2.093e-10 11.25 6.759e-11 14.75 6.157e-11
18.25 8.048e-11 21.75 2.004e-10 25.25 1.375e-08 28.75 3.286e-11
32.25 1.321e-08 35.75 1.114e-09 39.25 7.930e-10 42.75 4.272e-09
46.25 9.177e-09 49.75 1.971e-09 53.25 2.153e-09 56.75 6.983e-10
60.25 5.263e-10 63.75 3.915e-10 67.25 3.216e-10 70.75 6.227e-10
74.25 8.110e-10 77.75 7.400e-10 81.25 1.479e-10 84.75 3.087e-10
88.25 5.114e-10 91.75 6.710e-10 95.25 7.171e-10 98.75 1.704e-11
102.25 2.621e-10 105.75 8.322e-10 109.25 6.864e-11 112.75 2.713e-10
116.25 4.607e-11
15.000000
4.25 3.103e-10 7.75 2.060e-10 11.25 6.986e-11 14.75 9.454e-10
18.25 7.640e-11 21.75 1.450e-09 25.25 1.352e-08 28.75 3.209e-11
32.25 1.301e-08 35.75 1.101e-09 39.25 7.993e-10 42.75 4.249e-09
46.25 9.034e-09 49.75 1.949e-09 53.25 2.150e-09 56.75 7.119e-10
60.25 5.241e-10 63.75 4.063e-10 67.25 3.630e-10 70.75 6.279e-10
74.25 8.039e-10 77.75 7.429e-10 81.25 1.628e-10 84.75 3.154e-10
88.25 5.034e-10 91.75 6.550e-10 95.25 7.165e-10 98.75 3.532e-11
102.25 2.692e-10 105.75 8.069e-10 109.25 6.863e-11 112.75 2.749e-10
116.25 5.329e-11
25.000000
4.25 2.981e-10 7.75 1.997e-10 11.25 7.371e-11 14.75 2.580e-09
18.25 6.905e-11 21.75 3.789e-09 25.25 1.307e-08 28.75 3.060e-11
32.25 1.263e-08 35.75 1.075e-09 39.25 8.094e-10 42.75 4.200e-09
46.25 8.759e-09 49.75 1.905e-09 53.25 2.142e-09 56.75 7.360e-10
60.25 5.197e-10 63.75 4.323e-10 67.25 4.368e-10 70.75 6.361e-10
74.25 7.899e-10 77.75 7.460e-10 81.25 1.893e-10 84.75 3.266e-10
88.25 4.880e-10 91.75 6.245e-10 95.25 7.134e-10 98.75 6.782e-11
102.25 2.816e-10 105.75 7.594e-10 109.25 6.839e-11 112.75 2.806e-10
116.25 6.605e-11
35.000000
4.25 2.807e-10 7.75 1.908e-10 11.25 7.804e-11 14.75 4.791e-09
18.25 5.953e-11 21.75 7.019e-09 25.25 1.242e-08 28.75 2.847e-11
32.25 1.207e-08 35.75 1.037e-09 39.25 8.195e-10 42.75 4.122e-09
46.25 8.362e-09 49.75 1.839e-09 53.25 2.122e-09 56.75 7.661e-10
60.25 5.125e-10 63.75 4.642e-10 67.25 5.305e-10 70.75 6.436e-10
74.25 7.688e-10 77.75 7.448e-10 81.25 2.228e-10 84.75 3.393e-10
88.25 4.655e-10 91.75 5.811e-10 95.25 7.046e-10 98.75 1.088e-10
102.25 2.964e-10 105.75 6.928e-10 109.25 6.755e-11 112.75 2.861e-10
116.25 8.187e-11
45.000000
4.25 2.591e-10 7.75 1.800e-10 11.25 8.148e-11 14.75 7.319e-09
18.25 4.933e-11 21.75 1.083e-08 25.25 1.160e-08 28.75 2.581e-11
32.25 1.136e-08 35.75 9.890e-10 39.25 8.247e-10 42.75 4.009e-09
46.25 7.862e-09 49.75 1.752e-09 53.25 2.084e-09 56.75 7.960e-10
60.25 5.021e-10 63.75 4.950e-10 67.25 6.266e-10 70.75 6.458e-10
74.25 7.405e-10 77.75 7.341e-10 81.25 2.569e-10 84.75 3.496e-10
88.25 4.369e-10 91.75 5.274e-10 95.25 6.864e-10 98.75 1.505e-10
102.25 3.098e-10 105.75 6.126e-10 109.25 6.568e-11 112.75 2.884e-10
116.25 9.742e-11
55.000000
4.25 2.348e-10 7.75 1.678e-10 11.25 8.298e-11 14.75 9.892e-09
18.25 3.977e-11 21.75 1.487e-08 25.25 1.067e-08 28.75 2.278e-11
32.25 1.054e-08 35.75 9.331e-10 39.25 8.211e-10 42.75 3.860e-09
46.25 7.284e-09 49.75 1.646e-09 53.25 2.025e-09 56.75 8.200e-10
60.25 4.882e-10 63.75 5.187e-10 67.25 7.097e-10 70.75 6.391e-10
74.25 7.056e-10 77.75 7.106e-10 81.25 2.859e-10 84.75 3.542e-10
88.25 4.033e-10 91.75 4.671e-10 95.25 6.568e-10 98.75 1.863e-10
102.25 3.184e-10 105.75 5.252e-10 109.25 6.257e-11 112.75 2.850e-10
116.25 1.098e-10
65.000000
4.25 2.087e-10 7.75 1.548e-10 11.25 8.147e-11 14.75 1.225e-08
18.25 3.200e-11 21.75 1.879e-08 25.25 9.640e-09 28.75 1.953e-11
32.25 9.626e-09 35.75 8.707e-10 39.25 8.046e-10 42.75 3.668e-09
46.25 6.647e-09 49.75 1.523e-09 53.25 1.936e-09 56.75 8.318e-10
60.25 4.699e-10 63.75 5.292e-10 67.25 7.644e-10 70.75 6.195e-10
74.25 6.639e-10 77.75 6.707e-10 81.25 3.039e-10 84.75 3.496e-10
88.25 3.656e-10 91.75 4.032e-10 95.25 6.134e-10 98.75 2.099e-10
102.25 3.186e-10 105.75 4.359e-10 109.25 5.797e-11 112.75 2.730e-10
116.25 1.163e-10
75.000000
4.25 1.822e-10 7.75 1.415e-10 11.25 7.709e-11 14.75 1.423e-08
18.25 2.628e-11 21.75 2.233e-08 25.25 8.573e-09 28.75 1.623e-11
32.25 8.662e-09 35.75 8.045e-10 39.25 7.754e-10 42.75 3.440e-09
46.25 5.979e-09 49.75 1.389e-09 53.25 1.822e-09 56.75 8.293e-10
60.25 4.478e-10 63.75 5.256e-10 67.25 7.870e-10 70.75 5.876e-10
74.25 6.170e-10 77.75 6.169e-10 81.25 3.095e-10 84.75 3.358e-10
88.25 3.254e-10 91.75 3.395e-10 95.25 5.587e-10 98.75 2.200e-10
102.25 3.100e-10 105.75 3.499e-10 109.25 5.216e-11 112.75 2.528e-10
116.25 1.163e-10
85.000000
4.25 1.563e-10 7.75 1.282e-10 11.25 6.978e-11 14.75 1.563e-08
18.25 2.292e-11 21.75 2.517e-08 25.25 7.504e-09 28.75 1.304e-11
32.25 7.676e-09 35.75 7.358e-10 39.25 7.321e-10 42.75 3.174e-09
46.25 5.302e-09 49.75 1.247e-09 53.25 1.681e-09 56.75 8.086e-10
60.25 4.213e-10 63.75 5.054e-10 67.25 7.706e-10 70.75 5.424e-10
74.25 5.649e-10 77.75 5.505e-10 81.25 2.999e-10 84.75 3.115e-10
88.25 2.840e-10 91.75 2.792e-10 95.25 4.938e-10 98.75 2.146e-10
102.25 2.909e-10 105.75 2.721e-10 109.25 4.535e-11 112.75 2.237e-10
116.25 1.090e-10
95.000000
4.25 1.317e-10 7.75 1.152e-10 11.25 6.048e-11 14.75 1.641e-08
18.25 2.132e-11 21.75 2.717e-08 25.25 6.470e-09 28.75 1.011e-11
32.25 6.703e-09 35.75 6.662e-10 39.25 6.773e-10 42.75 2.880e-09
46.25 4.636e-09 49.75 1.102e-09 53.25 1.520e-09 56.75 7.702e-10
60.25 3.912e-10 63.75 4.710e-10 67.25 7.206e-10 70.75 4.868e-10
74.25 5.093e-10 77.75 4.769e-10 81.25 2.773e-10 84.75 2.791e-10
88.25 2.431e-10 91.75 2.249e-10 95.25 4.230e-10 98.75 1.965e-10
102.25 2.632e-10 105.75 2.050e-10 109.25 3.810e-11 112.75 1.885e-10
116.25 9.611e-11
105.000000
4.25 1.091e-10 7.75 1.026e-10 11.25 5.031e-11 14.75 1.660e-08
18.25 2.072e-11 21.75 2.830e-08 25.25 5.498e-09 28.75 7.528e-12
32.25 5.769e-09 35.75 5.969e-10 39.25 6.145e-10 42.75 2.567e-09
46.25 3.997e-09 49.75 9.586e-10 53.25 1.347e-09 56.75 7.168e-10
60.25 3.589e-10 63.75 4.261e-10 67.25 6.459e-10 70.75 4.246e-10
74.25 4.515e-10 77.75 4.016e-10 81.25 2.452e-10 84.75 2.412e-10
88.25 2.043e-10 91.75 1.779e-10 95.25 3.509e-10 98.75 1.701e-10
102.25 2.293e-10 105.75 1.496e-10 109.25 3.096e-11 112.75 1.504e-10
116.25 7.978e-11
115.000000
4.25 8.870e-11 7.75 9.041e-11 11.25 4.030e-11 14.75 1.626e-08
18.25 2.038e-11 21.75 2.853e-08 25.25 4.607e-09 28.75 5.369e-12
32.25 4.895e-09 35.75 5.290e-10 39.25 5.470e-10 42.75 2.247e-09
46.25 3.399e-09 49.75 8.204e-10 53.25 1.170e-09 56.75 6.510e-10
60.25 3.253e-10 63.75 3.743e-10 67.25 5.555e-10 70.75 3.595e-10
74.25 3.930e-10 77.75 3.295e-10 81.25 2.074e-10 84.75 2.009e-10
88.25 1.686e-10 91.75 1.389e-10 95.25 2.812e-10 98.75 1.393e-10
102.25 1.921e-10 105.75 1.061e-10 109.25 2.439e-11 112.75 1.131e-10
116.25 6.224e-11
125.000000
4.25 7.077e-11 7.75 7.881e-11 11.25 3.131e-11 14.75 1.548e-08
18.25 1.971e-11 21.75 2.794e-08 25.25 3.811e-09 28.75 3.661e-12
32.25 4.097e-09 35.75 4.635e-10 39.25 4.785e-10 42.75 1.929e-09
46.25 2.851e-09 49.75 6.905e-10 53.25 9.979e-10 56.75 5.767e-10
60.25 2.917e-10 63.75 3.193e-10 67.25 4.591e-10 70.75 2.951e-10
74.25 3.356e-10 77.75 2.645e-10 81.25 1.679e-10 84.75 1.611e-10
88.25 1.373e-10 91.75 1.079e-10 95.25 2.174e-10 98.75 1.081e-10
102.25 1.546e-10 105.75 7.377e-11 109.25 1.872e-11 112.75 7.966e-11
116.25 4.560e-11
135.000000
4.25 5.536e-11 7.75 6.782e-11 11.25 2.394e-11 14.75 1.435e-08
18.25 1.831e-11 21.75 2.664e-08 25.25 3.115e-09 28.75 2.397e-12
32.25 3.385e-09 35.75 4.016e-10 39.25 4.125e-10 42.75 1.624e-09
46.25 2.360e-09 49.75 5.713e-10 53.25 8.361e-10 56.75 4.982e-10
60.25 2.593e-10 63.75 2.648e-10 67.25 3.656e-10 70.75 2.349e-10
74.25 2.809e-10 77.75 2.093e-10 81.25 1.304e-10 84.75 1.245e-10
88.25 1.108e-10 91.75 8.422e-11 95.25 1.618e-10 98.75 7.972e-11
102.25 1.195e-10 105.75 5.108e-11 109.25 1.416e-11 112.75 5.263e-11
116.25 3.148e-11
145.000000
4.25 4.241e-11 7.75 5.754e-11 11.25 1.841e-11 14.75 1.299e-08
18.25 1.609e-11 21.75 2.478e-08 25.25 2.518e-09 28.75 1.535e-12
32.25 2.763e-09 35.75 3.443e-10 39.25 3.517e-10 42.75 1.341e-09
46.25 1.927e-09 49.75 4.645e-10 53.25 6.902e-10 56.75 4.202e-10
60.25 2.288e-10 63.75 2.138e-10 67.25 2.818e-10 70.75 1.815e-10
74.25 2.306e-10 77.75 1.648e-10 81.25 9.789e-11 84.75 9.293e-11
88.25 8.915e-11 91.75 6.664e-11 95.25 1.159e-10 98.75 5.630e-11
102.25 8.893e-11 105.75 3.625e-11 109.25 1.072e-11 112.75 3.315e-11
116.25 2.081e-11
155.000000
4.25 3.177e-11 7.75 4.806e-11 11.25 1.461e-11 14.75 1.151e-08
18.25 1.320e-11 21.75 2.253e-08 25.25 2.014e-09 28.75 1.007e-12
32.25 2.230e-09 35.75 2.928e-10 39.25 2.982e-10 42.75 1.087e-09
46.25 1.554e-09 49.75 3.715e-10 53.25 5.631e-10 56.75 3.465e-10
60.25 2.007e-10 63.75 1.685e-10 67.25 2.121e-10 70.75 1.367e-10
74.25 1.861e-10 77.75 1.308e-10 81.25 7.188e-11 84.75 6.758e-11
88.25 7.213e-11 91.75 5.391e-11 95.25 8.004e-11 98.75 3.878e-11
102.25 6.432e-11 105.75 2.740e-11 109.25 8.302e-12 112.75 2.100e-11
116.25 1.374e-11
165.000000
4.25 2.322e-11 7.75 3.949e-11 11.25 1.220e-11 14.75 9.994e-09
18.25 9.997e-12 21.75 2.004e-08 25.25 1.596e-09 28.75 7.304e-13
32.25 1.782e-09 35.75 2.475e-10 39.25 2.529e-10 42.75 8.648e-10
46.25 1.238e-09 49.75 2.927e-10 53.25 4.556e-10 56.75 2.805e-10
60.25 1.750e-10 63.75 1.303e-10 67.25 1.581e-10 70.75 1.013e-10
74.25 1.483e-10 77.75 1.062e-10 81.25 5.282e-11 84.75 4.871e-11
88.25 5.905e-11 91.75 4.481e-11 95.25 5.387e-11 98.75 2.705e-11
102.25 4.605e-11 105.75 2.280e-11 109.25 6.720e-12 112.75 1.483e-11
116.25 9.826e-12
175.000000
4.25 1.651e-11 7.75 3.190e-11 11.25 1.071e-11 14.75 8.505e-09
18.25 6.841e-12 21.75 1.747e-08 25.25 1.251e-09 28.75 6.241e-13
32.25 1.410e-09 35.75 2.087e-10 39.25 2.160e-10 42.75 6.771e-10
46.25 9.746e-10 49.75 2.281e-10 53.25 3.667e-10 56.75 2.240e-10
60.25 1.516e-10 63.75 9.976e-11 67.25 1.193e-10 70.75 7.525e-11
74.25 1.175e-10 77.75 8.922e-11 81.25 4.015e-11 84.75 3.586e-11
88.25 4.915e-11 91.75 3.830e-11 95.25 3.638e-11 98.75 2.027e-11
102.25 3.378e-11 105.75 2.100e-11 109.25 5.767e-12 112.75 1.272e-11
116.25 8.272e-12
185.000000
4.25 1.139e-11 7.75 2.533e-11 11.25 9.702e-12 14.75 7.099e-09
18.25 4.065e-12 21.75 1.494e-08 25.25 9.704e-10 28.75 6.145e-13
32.25 1.107e-09 35.75 1.761e-10 39.25 1.865e-10 42.75 5.226e-10
46.25 7.596e-10 49.75 1.770e-10 53.25 2.946e-10 56.75 1.778e-10
60.25 1.303e-10 63.75 7.674e-11 67.25 9.368e-11 70.75 5.760e-11
74.25 9.339e-11 77.75 7.802e-11 81.25 3.267e-11 84.75 2.805e-11
88.25 4.170e-11 91.75 3.362e-11 95.25 2.612e-11 98.75 1.726e-11
102.25 2.659e-11 105.75 2.083e-11 109.25 5.254e-12 112.75 1.271e-11
116.25 8.200e-12
195.000000
4.25 7.579e-12 7.75 1.978e-11 11.25 8.845e-12 14.75 5.810e-09
18.25 1.882e-12 21.75 1.254e-08 25.25 7.438e-10 28.75 6.436e-13
32.25 8.629e-10 35.75 1.490e-10 39.25 1.632e-10 42.75 3.990e-10
46.25 5.868e-10 49.75 1.380e-10 53.25 2.368e-10 56.75 1.416e-10
60.25 1.108e-10 63.75 6.041e-11 67.25 7.848e-11 70.75 4.694e-11
74.25 7.525e-11 77.75 7.085e-11 81.25 2.892e-11 84.75 2.402e-11
88.25 3.607e-11 91.75 3.018e-11 95.25 2.140e-11 98.75 1.672e-11
102.25 2.328e-11 105.75 2.144e-11 109.25 5.020e-12 112.75 1.326e-11
116.25 8.841e-12
205.000000
4.25 4.836e-12 7.75 1.519e-11 11.25 7.929e-12 14.75 4.660e-09
18.25 6.468e-13 21.75 1.033e-08 25.25 5.623e-10 28.75 6.715e-13
32.25 6.681e-10 35.75 1.265e-10 39.25 1.447e-10 42.75 3.025e-10
46.25 4.500e-10 49.75 1.091e-10 53.25 1.909e-10 56.75 1.143e-10
60.25 9.332e-11 63.75 4.957e-11 67.25 7.060e-11 70.75 4.151e-11
74.25 6.200e-11 77.75 6.615e-11 81.25 2.751e-11 84.75 2.249e-11
88.25 3.173e-11 91.75 2.757e-11 95.25 2.051e-11 98.75 1.751e-11
102.25 2.256e-11 105.75 2.220e-11 109.25 4.942e-12 112.75 1.343e-11
116.25 9.638e-12
215.000000
4.25 2.929e-12 7.75 1.148e-11 11.25 6.873e-12 14.75 3.660e-09
18.25 5.060e-13 21.75 8.367e-09 25.25 4.185e-10 28.75 6.751e-13
32.25 5.143e-10 35.75 1.079e-10 39.25 1.295e-10 42.75 2.289e-10
46.25 3.433e-10 49.75 8.811e-11 53.25 1.545e-10 56.75 9.417e-11
60.25 7.777e-11 63.75 4.280e-11 67.25 6.721e-11 70.75 3.949e-11
74.25 5.249e-11 77.75 6.270e-11 81.25 2.724e-11 84.75 2.232e-11
88.25 2.830e-11 91.75 2.548e-11 95.25 2.182e-11 98.75 1.875e-11
102.25 2.326e-11 105.75 2.266e-11 109.25 4.929e-12 112.75 1.289e-11
116.25 1.026e-11
225.000000
4.25 1.657e-12 7.75 8.535e-12 11.25 5.691e-12 14.75 2.813e-09
18.25 8.568e-13 21.75 6.656e-09 25.25 3.060e-10 28.75 6.453e-13
32.25 3.942e-10 35.75 9.238e-11 39.25 1.167e-10 42.75 1.739e-10
46.25 2.611e-10 49.75 7.300e-11 53.25 1.257e-10 56.75 7.962e-11
60.25 6.427e-11 63.75 3.871e-11 67.25 6.597e-11 70.75 3.925e-11
74.25 4.565e-11 77.75 5.953e-11 81.25 2.728e-11 84.75 2.258e-11
88.25 2.547e-11 91.75 2.366e-11 95.25 2.397e-11 98.75 1.981e-11
102.25 2.440e-11 105.75 2.257e-11 109.25 4.913e-12 112.75 1.173e-11
116.25 1.055e-11
235.000000
4.25 8.509e-13 7.75 6.251e-12 11.25 4.455e-12 14.75 2.115e-09
18.25 8.345e-13 21.75 5.201e-09 25.25 2.191e-10 28.75 5.833e-13
32.25 3.012e-10 35.75 7.949e-11 39.25 1.053e-10 42.75 1.336e-10
46.25 1.985e-10 49.75 6.181e-11 53.25 1.030e-10 56.75 6.904e-11
60.25 5.291e-11 63.75 3.606e-11 67.25 6.517e-11 70.75 3.944e-11
74.25 4.056e-11 77.75 5.604e-11 81.25 2.706e-11 84.75 2.265e-11
88.25 2.303e-11 91.75 2.191e-11 95.25 2.593e-11 98.75 2.034e-11
102.25 2.527e-11 105.75 2.181e-11 109.25 4.850e-12 112.75 1.026e-11
116.25 1.050e-11
245.000000
4.25 3.711e-13 7.75 4.509e-12 11.25 3.257e-12 14.75 1.555e-09
18.25 5.954e-13 21.75 3.992e-09 25.25 1.533e-10 28.75 4.971e-13
32.25 2.297e-10 35.75 6.879e-11 39.25 9.499e-11 42.75 1.044e-10
46.25 1.513e-10 49.75 5.302e-11 53.25 8.517e-11 56.75 6.111e-11
60.25 4.364e-11 63.75 3.391e-11 67.25 6.372e-11 70.75 3.912e-11
74.25 3.655e-11 77.75 5.190e-11 81.25 2.633e-11 84.75 2.217e-11
88.25 2.079e-11 91.75 2.013e-11 95.25 2.702e-11 98.75 2.021e-11
102.25 2.544e-11 105.75 2.039e-11 109.25 4.711e-12 112.75 8.850e-12
116.25 1.015e-11
255.000000
4.25 1.187e-13 7.75 3.230e-12 11.25 2.202e-12 14.75 1.127e-09
18.25 2.784e-13 21.75 3.023e-09 25.25 1.055e-10 28.75 3.975e-13
32.25 1.763e-10 35.75 6.004e-11 39.25 8.541e-11 42.75 8.380e-11
46.25 1.165e-10 49.75 4.562e-11 53.25 7.138e-11 56.75 5.492e-11
60.25 3.645e-11 63.75 3.162e-11 67.25 6.100e-11 70.75 3.770e-11
74.25 3.316e-11 77.75 4.702e-11 81.25 2.498e-11 84.75 2.098e-11
88.25 1.867e-11 91.75 1.824e-11 95.25 2.683e-11 98.75 1.938e-11
102.25 2.466e-11 105.75 1.839e-11 109.25 4.481e-12 112.75 7.801e-12
116.25 9.567e-12
265.000000
4.25 3.958e-14 7.75 2.301e-12 11.25 1.360e-12 14.75 8.090e-10
18.25 9.903e-14 21.75 2.265e-09 25.25 7.147e-11 28.75 2.984e-13
32.25 1.365e-10 35.75 5.278e-11 39.25 7.644e-11 42.75 6.890e-11
46.25 9.074e-11 49.75 3.899e-11 53.25 6.064e-11 56.75 4.969e-11
60.25 3.102e-11 63.75 2.892e-11 67.25 5.700e-11 70.75 3.513e-11
74.25 3.010e-11 77.75 4.166e-11 81.25 2.313e-11 84.75 1.921e-11
88.25 1.662e-11 91.75 1.627e-11 95.25 2.542e-11 98.75 1.805e-11
102.25 2.301e-11 105.75 1.607e-11 109.25 4.174e-12 112.75 7.185e-12
116.25 8.853e-12
275.000000
4.25 5.362e-14 7.75 1.615e-12 11.25 7.295e-13 14.75 5.728e-10
18.25 2.041e-13 21.75 1.670e-09 25.25 4.713e-11 28.75 2.086e-13
32.25 1.059e-10 35.75 4.649e-11 39.25 6.794e-11 42.75 5.752e-11
46.25 7.112e-11 49.75 3.296e-11 53.25 5.198e-11 56.75 4.500e-11
60.25 2.682e-11 63.75 2.593e-11 67.25 5.215e-11 70.75 3.180e-11
74.25 2.723e-11 77.75 3.621e-11 81.25 2.098e-11 84.75 1.711e-11
88.25 1.466e-11 91.75 1.434e-11 95.25 2.322e-11 98.75 1.643e-11
102.25 2.081e-11 105.75 1.371e-11 109.25 3.826e-12 112.75 6.850e-12
116.25 8.078e-12
285.000000
4.25 6.857e-14 7.75 1.114e-12 11.25 2.966e-13 14.75 4.010e-10
18.25 3.183e-13 21.75 1.210e-09 25.25 3.013e-11 28.75 1.330e-13
32.25 8.258e-11 35.75 4.084e-11 39.25 5.985e-11 42.75 4.855e-11
46.25 5.612e-11 49.75 2.758e-11 53.25 4.486e-11 56.75 4.069e-11
60.25 2.351e-11 63.75 2.284e-11 67.25 4.685e-11 70.75 2.809e-11
74.25 2.453e-11 77.75 3.101e-11 81.25 1.869e-11 84.75 1.491e-11
88.25 1.285e-11 91.75 1.253e-11 95.25 2.056e-11 98.75 1.468e-11
102.25 1.832e-11 105.75 1.149e-11 109.25 3.464e-12 112.75 6.636e-12
116.25 7.286e-12
295.000000
4.25 6.556e-14 7.75 7.538e-13 11.25 1.031e-13 14.75 2.785e-10
18.25 3.548e-13 21.75 8.624e-10 25.25 1.859e-11 28.75 7.368e-14
32.25 6.465e-11 35.75 3.556e-11 39.25 5.211e-11 42.75 4.121e-11
46.25 4.460e-11 49.75 2.295e-11 53.25 3.885e-11 56.75 3.666e-11
60.25 2.083e-11 63.75 1.986e-11 67.25 4.146e-11 70.75 2.435e-11
74.25 2.201e-11 77.75 2.630e-11 81.25 1.640e-11 84.75 1.278e-11
88.25 1.125e-11 91.75 1.092e-11 95.25 1.779e-11 98.75 1.292e-11
102.25 1.578e-11 105.75 9.561e-12 109.25 3.116e-12 112.75 6.399e-12
116.25 6.512e-12
305.000000
4.25 5.579e-14 7.75 4.993e-13 11.25 1.060e-13 14.75 1.927e-10
18.25 3.331e-13 21.75 6.035e-10 25.25 1.100e-11 28.75 3.069e-14
32.25 5.081e-11 35.75 3.051e-11 39.25 4.473e-11 42.75 3.500e-11
46.25 3.570e-11 49.75 1.913e-11 53.25 3.365e-11 56.75 3.288e-11
60.25 1.856e-11 63.75 1.717e-11 67.25 3.627e-11 70.75 2.087e-11
74.25 1.968e-11 77.75 2.226e-11 81.25 1.423e-11 84.75 1.086e-11
88.25 9.905e-12 91.75 9.578e-12 95.25 1.515e-11 98.75 1.126e-11
102.25 1.338e-11 105.75 7.996e-12 109.25 2.802e-12 112.75 6.045e-12
116.25 5.780e-12
315.000000
4.25 4.501e-14 7.75 3.230e-13 11.25 1.526e-13 14.75 1.332e-10
18.25 2.761e-13 21.75 4.146e-10 25.25 6.181e-12 28.75 6.424e-15
32.25 4.006e-11 35.75 2.564e-11 39.25 3.776e-11 42.75 2.960e-11
46.25 2.879e-11 49.75 1.609e-11 53.25 2.904e-11 56.75 2.932e-11
60.25 1.656e-11 63.75 1.487e-11 67.25 3.148e-11 70.75 1.783e-11
74.25 1.756e-11 77.75 1.892e-11 81.25 1.224e-11 84.75 9.207e-12
88.25 8.819e-12 91.75 8.505e-12 95.25 1.282e-11 98.75 9.746e-12
102.25 1.127e-11 105.75 6.808e-12 109.25 2.531e-12 112.75 5.539e-12
116.25 5.108e-12
325.000000
4.25 3.560e-14 7.75 2.039e-13 11.25 1.445e-13 14.75 9.209e-11
18.25 2.049e-13 21.75 2.796e-10 25.25 3.239e-12 28.75 1.379e-14
32.25 3.161e-11 35.75 2.101e-11 39.25 3.127e-11 42.75 2.483e-11
46.25 2.338e-11 49.75 1.375e-11 53.25 2.490e-11 56.75 2.597e-11
60.25 1.474e-11 63.75 1.298e-11 67.25 2.723e-11 70.75 1.529e-11
74.25 1.567e-11 77.75 1.625e-11 81.25 1.049e-11 84.75 7.858e-12
88.25 7.975e-12 91.75 7.681e-12 95.25 1.088e-11 98.75 8.414e-12
102.25 9.497e-12 105.75 5.954e-12 109.25 2.306e-12 112.75 4.909e-12
116.25 4.509e-12
335.000000
4.25 2.830e-14 7.75 1.295e-13 11.25 1.095e-13 14.75 6.479e-11
18.25 1.375e-13 21.75 1.891e-10 25.25 1.625e-12 28.75 2.016e-14
32.25 2.510e-11 35.75 1.686e-11 39.25 2.553e-11 42.75 2.071e-11
46.25 1.925e-11 49.75 1.201e-11 53.25 2.125e-11 56.75 2.287e-11
60.25 1.309e-11 63.75 1.151e-11 67.25 2.361e-11 70.75 1.328e-11
74.25 1.402e-11 77.75 1.419e-11 81.25 9.020e-12 84.75 6.821e-12
88.25 7.337e-12 91.75 7.063e-12 95.25 9.382e-12 98.75 7.302e-12
102.25 8.115e-12 105.75 5.373e-12 109.25 2.120e-12 112.75 4.232e-12
116.25 3.993e-12
345.000000
4.25 2.253e-14 7.75 8.085e-14 11.25 7.103e-14 14.75 4.533e-11
18.25 8.262e-14 21.75 1.259e-10 25.25 6.945e-13 28.75 2.125e-14
32.25 1.986e-11 35.75 1.333e-11 39.25 2.056e-11 42.75 1.712e-11
46.25 1.593e-11 49.75 1.059e-11 53.25 1.803e-11 56.75 1.998e-11
60.25 1.158e-11 63.75 1.029e-11 67.25 2.049e-11 70.75 1.162e-11
74.25 1.259e-11 77.75 1.248e-11 81.25 7.791e-12 84.75 5.995e-12
88.25 6.795e-12 91.75 6.547e-12 95.25 8.186e-12 98.75 6.369e-12
102.25 7.013e-12 105.75 4.923e-12 109.25 1.954e-12 112.75 3.602e-12
116.25 3.544e-12
355.000000
4.25 1.788e-14 7.75 4.967e-14 11.25 3.732e-14 14.75 3.134e-11
18.25 4.195e-14 21.75 8.217e-11 25.25 1.855e-13 28.75 1.933e-14
32.25 1.560e-11 35.75 1.046e-11 39.25 1.640e-11 42.75 1.404e-11
46.25 1.324e-11 49.75 9.341e-12 53.25 1.523e-11 56.75 1.733e-11
60.25 1.021e-11 63.75 9.230e-12 67.25 1.781e-11 70.75 1.019e-11
74.25 1.134e-11 77.75 1.099e-11 81.25 6.764e-12 84.75 5.321e-12
88.25 6.286e-12 91.75 6.073e-12 95.25 7.213e-12 98.75 5.592e-12
102.25 6.118e-12 105.75 4.529e-12 109.25 1.797e-12 112.75 3.064e-12
116.25 3.148e-12
365.000000
4.25 1.408e-14 7.75 3.024e-14 11.25 1.185e-14 14.75 2.135e-11
18.25 1.466e-14 21.75 5.260e-11 25.25 9.180e-14 28.75 1.596e-14
32.25 1.215e-11 35.75 8.280e-12 39.25 1.305e-11 42.75 1.144e-11
46.25 1.104e-11 49.75 8.188e-12 53.25 1.283e-11 56.75 1.492e-11
60.25 8.969e-12 63.75 8.265e-12 67.25 1.548e-11 70.75 8.927e-12
74.25 1.024e-11 77.75 9.631e-12 81.25 5.906e-12 84.75 4.749e-12
88.25 5.770e-12 91.75 5.605e-12 95.25 6.397e-12 98.75 4.949e-12
102.25 5.369e-12 105.75 4.146e-12 109.25 1.643e-12 112.75 2.637e-12
116.25 2.796e-12
375.000000
4.25 1.093e-14 7.75 1.844e-14 11.25 5.603e-15 14.75 1.428e-11
18.25 5.497e-15 21.75 3.300e-11 25.25 1.670e-13 28.75 1.223e-14
32.25 9.376e-12 35.75 6.712e-12 39.25 1.043e-11 42.75 9.285e-12
46.25 9.226e-12 49.75 7.087e-12 53.25 1.081e-11 56.75 1.275e-11
60.25 7.846e-12 63.75 7.354e-12 67.25 1.346e-11 70.75 7.773e-12
74.25 9.255e-12 77.75 8.367e-12 81.25 5.181e-12 84.75 4.245e-12
88.25 5.229e-12 91.75 5.125e-12 95.25 5.689e-12 98.75 4.416e-12
102.25 4.720e-12 105.75 3.750e-12 109.25 1.488e-12 112.75 2.316e-12
116.25 2.478e-12
385.000000
4.25 8.332e-15 7.75 1.138e-14 11.25 1.394e-14 14.75 9.360e-12
18.25 9.640e-15 21.75 2.030e-11 25.25 1.877e-13 28.75 8.790e-15
32.25 7.154e-12 35.75 5.638e-12 39.25 8.434e-12 42.75 7.529e-12
46.25 7.713e-12 49.75 6.029e-12 53.25 9.109e-12 56.75 1.083e-11
60.25 6.834e-12 63.75 6.478e-12 67.25 1.168e-11 70.75 6.708e-12
74.25 8.360e-12 77.75 7.183e-12 81.25 4.559e-12 84.75 3.783e-12
88.25 4.663e-12 91.75 4.631e-12 95.25 5.054e-12 98.75 3.969e-12
102.25 4.141e-12 105.75 3.341e-12 109.25 1.333e-12 112.75 2.079e-12
116.25 2.190e-12
395.000000
4.25 6.221e-15 7.75 7.153e-15 11.25 1.745e-14 14.75 6.020e-12
18.25 1.239e-14 21.75 1.223e-11 25.25 1.694e-13 28.75 5.958e-15
32.25 5.395e-12 35.75 4.910e-12 39.25 6.928e-12 42.75 6.112e-12
46.25 6.441e-12 49.75 5.029e-12 53.25 7.688e-12 56.75 9.144e-12
60.25 5.922e-12 63.75 5.641e-12 67.25 1.010e-11 70.75 5.729e-12
74.25 7.526e-12 77.75 6.087e-12 81.25 4.014e-12 84.75 3.352e-12
88.25 4.092e-12 91.75 4.134e-12 95.25 4.475e-12 98.75 3.587e-12
102.25 3.615e-12 105.75 2.930e-12 109.25 1.183e-12 112.75 1.899e-12
116.25 1.926e-12
405.000000
4.25 4.544e-15 7.75 4.575e-15 11.25 1.737e-14 14.75 3.814e-12
18.25 1.211e-14 21.75 7.233e-12 25.25 1.365e-13 28.75 3.819e-15
32.25 4.018e-12 35.75 4.378e-12 39.25 5.770e-12 42.75 4.971e-12
46.25 5.365e-12 49.75 4.116e-12 53.25 6.487e-12 56.75 7.673e-12
60.25 5.101e-12 63.75 4.854e-12 67.25 8.699e-12 70.75 4.847e-12
74.25 6.734e-12 77.75 5.101e-12 81.25 3.528e-12 84.75 2.946e-12
88.25 3.539e-12 91.75 3.650e-12 95.25 3.947e-12 98.75 3.252e-12
102.25 3.137e-12 105.75 2.536e-12 109.25 1.041e-12 112.75 1.747e-12
116.25 1.687e-12
415.000000
4.25 3.251e-15 7.75 2.944e-15 11.25 1.537e-14 14.75 2.400e-12
18.25 1.042e-14 21.75 4.199e-12 25.25 1.017e-13 28.75 2.315e-15
32.25 2.954e-12 35.75 3.923e-12 39.25 4.839e-12 42.75 4.047e-12
46.25 4.450e-12 49.75 3.311e-12 53.25 5.458e-12 56.75 6.398e-12
60.25 4.366e-12 63.75 4.135e-12 67.25 7.450e-12 70.75 4.072e-12
74.25 5.975e-12 77.75 4.242e-12 81.25 3.090e-12 84.75 2.568e-12
88.25 3.030e-12 91.75 3.194e-12 95.25 3.468e-12 98.75 2.949e-12
102.25 2.706e-12 105.75 2.176e-12 109.25 9.118e-13 112.75 1.603e-12
116.25 1.473e-12
425.000000
4.25 2.283e-15 7.75 1.871e-15 11.25 1.263e-14 14.75 1.514e-12
18.25 8.327e-15 21.75 2.397e-12 25.25 7.115e-14 28.75 1.324e-15
32.25 2.144e-12 35.75 3.468e-12 39.25 4.049e-12 42.75 3.291e-12
46.25 3.673e-12 49.75 2.629e-12 53.25 4.566e-12 56.75 5.298e-12
60.25 3.713e-12 63.75 3.494e-12 67.25 6.339e-12 70.75 3.410e-12
74.25 5.246e-12 77.75 3.517e-12 81.25 2.693e-12 84.75 2.222e-12
88.25 2.581e-12 91.75 2.777e-12 95.25 3.038e-12 98.75 2.668e-12
102.25 2.326e-12 105.75 1.861e-12 109.25 7.972e-13 112.75 1.459e-12
116.25 1.283e-12
435.000000
4.25 1.578e-15 7.75 1.147e-15 11.25 9.842e-15 14.75 9.686e-13
18.25 6.347e-15 21.75 1.349e-12 25.25 4.680e-14 28.75 7.097e-16
32.25 1.536e-12 35.75 2.984e-12 39.25 3.346e-12 42.75 2.665e-12
46.25 3.015e-12 49.75 2.071e-12 53.25 3.787e-12 56.75 4.353e-12
60.25 3.140e-12 63.75 2.938e-12 67.25 5.354e-12 70.75 2.858e-12
74.25 4.554e-12 77.75 2.921e-12 81.25 2.335e-12 84.75 1.909e-12
88.25 2.198e-12 91.75 2.405e-12 95.25 2.656e-12 98.75 2.402e-12
102.25 1.994e-12 105.75 1.594e-12 109.25 6.978e-13 112.75 1.310e-12
116.25 1.116e-12
445.000000
4.25 1.078e-15 7.75 6.577e-16 11.25 7.383e-15 14.75 6.325e-13
18.25 4.692e-15 21.75 7.512e-13 25.25 2.866e-14 28.75 3.520e-16
32.25 1.086e-12 35.75 2.476e-12 39.25 2.711e-12 42.75 2.142e-12
46.25 2.459e-12 49.75 1.627e-12 53.25 3.106e-12 56.75 3.544e-12
60.25 2.642e-12 63.75 2.463e-12 67.25 4.486e-12 70.75 2.403e-12
74.25 3.906e-12 77.75 2.439e-12 81.25 2.012e-12 84.75 1.632e-12
88.25 1.879e-12 91.75 2.076e-12 95.25 2.316e-12 98.75 2.147e-12
102.25 1.707e-12 105.75 1.371e-12 109.25 6.123e-13 112.75 1.161e-12
116.25 9.705e-13
455.000000
4.25 7.290e-16 7.75 3.355e-16 11.25 5.376e-15 14.75 4.216e-13
18.25 3.401e-15 21.75 4.159e-13 25.25 1.575e-14 28.75 1.568e-16
32.25 7.575e-13 35.75 1.969e-12 39.25 2.142e-12 42.75 1.703e-12
46.25 1.995e-12 49.75 1.281e-12 53.25 2.517e-12 56.75 2.859e-12
60.25 2.214e-12 63.75 2.062e-12 67.25 3.728e-12 70.75 2.030e-12
74.25 3.311e-12 77.75 2.050e-12 81.25 1.724e-12 84.75 1.389e-12
88.25 1.614e-12 91.75 1.787e-12 95.25 2.013e-12 98.75 1.901e-12
102.25 1.460e-12 105.75 1.184e-12 109.25 5.381e-13 112.75 1.016e-12
116.25 8.428e-13
465.000000
4.25 4.894e-16 7.75 1.337e-16 11.25 3.823e-15 14.75 2.847e-13
18.25 2.433e-15 21.75 2.305e-13 25.25 6.904e-15 28.75 5.826e-17
32.25 5.216e-13 35.75 1.497e-12 39.25 1.645e-12 42.75 1.337e-12
46.25 1.609e-12 49.75 1.014e-12 53.25 2.014e-12 56.75 2.282e-12
60.25 1.848e-12 63.75 1.725e-12 67.25 3.070e-12 70.75 1.719e-12
74.25 2.774e-12 77.75 1.731e-12 81.25 1.468e-12 84.75 1.176e-12
88.25 1.391e-12 91.75 1.530e-12 95.25 1.741e-12 98.75 1.666e-12
102.25 1.244e-12 105.75 1.025e-12 109.25 4.729e-13 112.75 8.802e-13
116.25 7.297e-13
475.000000
4.25 3.265e-16 7.75 2.737e-17 11.25 2.664e-15 14.75 1.925e-13
18.25 1.722e-15 21.75 1.287e-13 25.25 1.648e-15 28.75 1.405e-17
32.25 3.546e-13 35.75 1.083e-12 39.25 1.227e-12 42.75 1.036e-12
46.25 1.290e-12 49.75 8.069e-13 53.25 1.591e-12 56.75 1.803e-12
60.25 1.537e-12 63.75 1.439e-12 67.25 2.504e-12 70.75 1.456e-12
74.25 2.298e-12 77.75 1.465e-12 81.25 1.241e-12 84.75 9.906e-13
88.25 1.199e-12 91.75 1.302e-12 95.25 1.494e-12 98.75 1.442e-12
102.25 1.055e-12 105.75 8.865e-13 109.25 4.140e-13 112.75 7.548e-13
116.25 6.282e-13
485.000000
4.25 2.163e-16 7.75 4.201e-17 11.25 1.823e-15 14.75 1.284e-13
18.25 1.207e-15 21.75 7.303e-14 25.25 2.753e-15 28.75 4.122e-18
32.25 2.382e-13 35.75 7.427e-13 39.25 8.897e-13 42.75 7.910e-13
46.25 1.030e-12 49.75 6.457e-13 53.25 1.243e-12 56.75 1.409e-12
60.25 1.272e-12 63.75 1.196e-12 67.25 2.022e-12 70.75 1.228e-12
74.25 1.882e-12 77.75 1.236e-12 81.25 1.040e-12 84.75 8.289e-13
88.25 1.029e-12 91.75 1.098e-12 95.25 1.270e-12 98.75 1.231e-12
102.25 8.868e-13 105.75 7.617e-13 109.25 3.600e-13 112.75 6.413e-13
116.25 5.363e-13
495.000000
4.25 1.421e-16 7.75 6.500e-17 11.25 1.225e-15 14.75 8.328e-14
18.25 8.358e-16 21.75 4.231e-14 25.25 5.041e-15 28.75 8.646e-18
32.25 1.584e-13 35.75 4.792e-13 39.25 6.279e-13 42.75 5.953e-13
46.25 8.169e-13 49.75 5.180e-13 53.25 9.605e-13 56.75 1.089e-12
60.25 1.046e-12 63.75 9.869e-13 67.25 1.614e-12 70.75 1.028e-12
74.25 1.524e-12 77.75 1.035e-12 81.25 8.622e-13 84.75 6.875e-13
88.25 8.747e-13 91.75 9.151e-13 95.25 1.066e-12 98.75 1.035e-12
102.25 7.370e-13 105.75 6.476e-13 109.25 3.097e-13 112.75 5.396e-13
116.25 4.525e-13
505.000000
4.25 9.218e-17 7.75 6.716e-17 11.25 8.072e-16 14.75 5.173e-14
18.25 5.701e-16 21.75 2.509e-14 25.25 6.282e-15 28.75 7.972e-18
32.25 1.043e-13 35.75 2.868e-13 39.25 4.323e-13 42.75 4.416e-13
46.25 6.434e-13 49.75 4.149e-13 53.25 7.340e-13 56.75 8.321e-13
60.25 8.518e-13 63.75 8.065e-13 67.25 1.273e-12 70.75 8.498e-13
74.25 1.219e-12 77.75 8.572e-13 81.25 7.062e-13 84.75 5.639e-13
88.25 7.335e-13 91.75 7.516e-13 95.25 8.810e-13 98.75 8.554e-13
102.25 6.037e-13 105.75 5.427e-13 109.25 2.628e-13 112.75 4.488e-13
116.25 3.763e-13
515.000000
4.25 5.877e-17 7.75 5.887e-17 11.25 5.192e-16 14.75 3.013e-14
18.25 3.808e-16 21.75 1.518e-14 25.25 6.775e-15 28.75 5.769e-18
32.25 6.826e-14 35.75 1.544e-13 39.25 2.912e-13 42.75 3.226e-13
46.25 5.021e-13 49.75 3.304e-13 53.25 5.544e-13 56.75 6.273e-13
60.25 6.854e-13 63.75 6.504e-13 67.25 9.888e-13 70.75 6.912e-13
74.25 9.616e-13 77.75 6.987e-13 81.25 5.699e-13 84.75 4.560e-13
88.25 6.044e-13 91.75 6.069e-13 95.25 7.150e-13 98.75 6.937e-13
102.25 4.857e-13 105.75 4.466e-13 109.25 2.192e-13 112.75 3.683e-13
116.25 3.075e-13
525.000000
4.25 3.719e-17 7.75 4.658e-17 11.25 3.297e-16 14.75 1.634e-14
18.25 2.510e-16 21.75 9.498e-15 25.25 6.703e-15 28.75 3.630e-18
32.25 4.521e-14 35.75 7.255e-14 39.25 1.956e-13 42.75 2.339e-13
46.25 3.891e-13 49.75 2.613e-13 53.25 4.161e-13 56.75 4.689e-13
60.25 5.449e-13 63.75 5.176e-13 67.25 7.587e-13 70.75 5.528e-13
74.25 7.497e-13 77.75 5.600e-13 81.25 4.531e-13 84.75 3.637e-13
88.25 4.888e-13 91.75 4.818e-13 95.25 5.699e-13 98.75 5.523e-13
102.25 3.840e-13 105.75 3.607e-13 109.25 1.795e-13 112.75 2.980e-13
116.25 2.468e-13
535.000000
4.25 2.334e-17 7.75 3.438e-17 11.25 2.069e-16 14.75 8.011e-15
18.25 1.631e-16 21.75 6.094e-15 25.25 6.253e-15 28.75 2.067e-18
32.25 3.053e-14 35.75 2.632e-14 39.25 1.325e-13 42.75 1.686e-13
46.25 2.989e-13 49.75 2.045e-13 53.25 3.102e-13 56.75 3.475e-13
60.25 4.269e-13 63.75 4.055e-13 67.25 5.745e-13 70.75 4.339e-13
74.25 5.769e-13 77.75 4.406e-13 81.25 3.545e-13 84.75 2.854e-13
88.25 3.873e-13 91.75 3.756e-13 95.25 4.456e-13 98.75 4.313e-13
102.25 2.978e-13 105.75 2.854e-13 109.25 1.442e-13 112.75 2.372e-13
116.25 1.943e-13
545.000000
4.25 1.422e-17 7.75 2.394e-17 11.25 1.257e-16 14.75 3.099e-15
18.25 1.026e-16 21.75 3.894e-15 25.25 5.583e-15 28.75 1.045e-18
32.25 2.080e-14 35.75 3.011e-15 39.25 9.006e-14 42.75 1.199e-13
46.25 2.258e-13 49.75 1.572e-13 53.25 2.279e-13 56.75 2.532e-13
60.25 3.277e-13 63.75 3.111e-13 67.25 4.263e-13 70.75 3.325e-13
74.25 4.356e-13 77.75 3.386e-13 81.25 2.714e-13 84.75 2.193e-13
88.25 2.994e-13 91.75 2.861e-13 95.25 3.401e-13 98.75 3.289e-13
102.25 2.255e-13 105.75 2.204e-13 109.25 1.131e-13 112.75 1.849e-13
116.25 1.493e-13
555.000000
4.25 8.600e-18 7.75 1.597e-17 11.25 7.566e-17 14.75 6.580e-16
18.25 6.373e-17 21.75 2.516e-15 25.25 4.783e-15 28.75 4.779e-19
32.25 1.459e-14 35.75 7.597e-15 39.25 6.302e-14 42.75 8.499e-14
46.25 1.686e-13 49.75 1.191e-13 53.25 1.662e-13 56.75 1.829e-13
60.25 2.473e-13 63.75 2.344e-13 67.25 3.119e-13 70.75 2.498e-13
74.25 3.243e-13 77.75 2.551e-13 81.25 2.041e-13 84.75 1.655e-13
88.25 2.265e-13 91.75 2.139e-13 95.25 2.544e-13 98.75 2.460e-13
102.25 1.674e-13 105.75 1.666e-13 109.25 8.690e-14 112.75 1.414e-13
116.25 1.125e-13
