33 56
2.500 0
118.000 560
5.000000
4.25 3.100e-10 7.75 2.105e-10 11.25 6.139e-11 14.75 5.629e-11
18.25 1.027e-10 21.75 1.795e-10 25.25 1.375e-08 28.75 3.520e-11
32.25 1.321e-08 35.75 1.110e-09 39.25 7.947e-10 42.75 4.859e-09
46.25 1.247e-08 49.75 4.823e-09 53.25 2.440e-09 56.75 1.454e-09
60.25 1.454e-09 63.75 7.212e-10 67.25 5.085e-10 70.75 5.776e-10
74.25 7.946e-10 77.75 9.460e-10 81.25 1.664e-10 84.75 3.268e-10
88.25 5.206e-10 91.75 6.887e-10 95.25 1.231e-09 98.75 2.222e-12
102.25 3.015e-10 105.75 9.403e-10 109.25 1.165e-10 112.75 2.873e-10
116.25 4.725e-11
15.000000
4.25 3.040e-10 7.75 2.074e-10 11.25 6.467e-11 14.75 9.398e-10
18.25 9.747e-11 21.75 1.430e-09 25.25 1.351e-08 28.75 3.437e-11
32.25 1.301e-08 35.75 1.101e-09 39.25 8.056e-10 42.75 4.819e-09
46.25 1.228e-08 49.75 4.769e-09 53.25 2.433e-09 56.75 1.455e-09
60.25 1.430e-09 63.75 7.310e-10 67.25 5.547e-10 70.75 5.891e-10
74.25 7.935e-10 77.75 9.469e-10 81.25 1.862e-10 84.75 3.390e-10
88.25 5.134e-10 91.75 6.750e-10 95.25 1.220e-09 98.75 2.257e-11
102.25 3.103e-10 105.75 9.127e-10 109.25 1.181e-10 112.75 2.918e-10
116.25 5.586e-11
25.000000
4.25 2.927e-10 7.75 2.013e-10 11.25 7.036e-11 14.75 2.574e-09
18.25 8.797e-11 21.75 3.770e-09 25.25 1.307e-08 28.75 3.278e-11
32.25 1.263e-08 35.75 1.082e-09 39.25 8.240e-10 42.75 4.739e-09
46.25 1.192e-08 49.75 4.661e-09 53.25 2.417e-09 56.75 1.455e-09
60.25 1.384e-09 63.75 7.475e-10 67.25 6.369e-10 70.75 6.086e-10
74.25 7.905e-10 77.75 9.458e-10 81.25 2.217e-10 84.75 3.605e-10
88.25 4.993e-10 91.75 6.485e-10 95.25 1.196e-09 98.75 5.881e-11
102.25 3.257e-10 105.75 8.606e-10 109.25 1.206e-10 112.75 2.991e-10
116.25 7.110e-11
35.000000
4.25 2.765e-10 7.75 1.927e-10 11.25 7.713e-11 14.75 4.786e-09
18.25 7.569e-11 21.75 7.003e-09 25.25 1.242e-08 28.75 3.051e-11
32.25 1.207e-08 35.75 1.052e-09 39.25 8.452e-10 42.75 4.617e-09
46.25 1.139e-08 49.75 4.500e-09 53.25 2.386e-09 56.75 1.450e-09
60.25 1.319e-09 63.75 7.657e-10 67.25 7.404e-10 70.75 6.308e-10
74.25 7.840e-10 77.75 9.381e-10 81.25 2.668e-10 84.75 3.865e-10
88.25 4.784e-10 91.75 6.100e-10 95.25 1.158e-09 98.75 1.047e-10
102.25 3.439e-10 105.75 7.876e-10 109.25 1.229e-10 112.75 3.065e-10
116.25 9.006e-11
45.000000
4.25 2.566e-10 7.75 1.819e-10 11.25 8.326e-11 14.75 7.315e-09
18.25 6.256e-11 21.75 1.082e-08 25.25 1.160e-08 28.75 2.770e-11
32.25 1.136e-08 35.75 1.013e-09 39.25 8.627e-10 42.75 4.451e-09
46.25 1.072e-08 49.75 4.288e-09 53.25 2.333e-09 56.75 1.436e-09
60.25 1.239e-09 63.75 7.792e-10 67.25 8.453e-10 70.75 6.491e-10
74.25 7.721e-10 77.75 9.181e-10 81.25 3.132e-10 84.75 4.111e-10
88.25 4.510e-10 91.75 5.610e-10 95.25 1.102e-09 98.75 1.516e-10
102.25 3.602e-10 105.75 6.995e-10 109.25 1.235e-10 112.75 3.107e-10
116.25 1.089e-10
55.000000
4.25 2.342e-10 7.75 1.696e-10 11.25 8.740e-11 14.75 9.888e-09
18.25 5.030e-11 21.75 1.485e-08 25.25 1.067e-08 28.75 2.453e-11
32.25 1.054e-08 35.75 9.648e-10 39.25 8.713e-10 42.75 4.244e-09
46.25 9.946e-09 49.75 4.033e-09 53.25 2.256e-09 56.75 1.408e-09
60.25 1.149e-09 63.75 7.829e-10 67.25 9.341e-10 70.75 6.579e-10
74.25 7.534e-10 77.75 8.829e-10 81.25 3.532e-10 84.75 4.290e-10
88.25 4.182e-10 91.75 5.042e-10 95.25 1.029e-09 98.75 1.924e-10
102.25 3.705e-10 105.75 6.034e-10 109.25 1.216e-10 112.75 3.088e-10
116.25 1.241e-10
65.000000
4.25 2.103e-10 7.75 1.562e-10 11.25 8.817e-11 14.75 1.224e-08
18.25 4.041e-11 21.75 1.878e-08 25.25 9.640e-09 28.75 2.115e-11
32.25 9.625e-09 35.75 9.076e-10 39.25 8.653e-10 42.75 3.993e-09
46.25 9.085e-09 49.75 3.736e-09 53.25 2.149e-09 56.75 1.364e-09
60.25 1.051e-09 63.75 7.714e-10 67.25 9.890e-10 70.75 6.514e-10
74.25 7.258e-10 77.75 8.289e-10 81.25 3.793e-10 84.75 4.349e-10
88.25 3.803e-10 91.75 4.419e-10 95.25 9.367e-10 98.75 2.200e-10
102.25 3.705e-10 105.75 5.052e-10 109.25 1.160e-10 112.75 2.975e-10
116.25 1.325e-10
75.000000
4.25 1.859e-10 7.75 1.423e-10 11.25 8.559e-11 14.75 1.422e-08
18.25 3.324e-11 21.75 2.232e-08 25.25 8.574e-09 28.75 1.773e-11
32.25 8.663e-09 35.75 8.441e-10 39.25 8.445e-10 42.75 3.709e-09
46.25 8.179e-09 49.75 3.411e-09 53.25 2.015e-09 56.75 1.302e-09
60.25 9.505e-10 63.75 7.447e-10 67.25 1.006e-09 70.75 6.294e-10
74.25 6.896e-10 77.75 7.591e-10 81.25 3.891e-10 84.75 4.281e-10
88.25 3.393e-10 91.75 3.777e-10 95.25 8.315e-10 98.75 2.329e-10
102.25 3.596e-10 105.75 4.107e-10 109.25 1.072e-10 112.75 2.771e-10
116.25 1.334e-10
85.000000
4.25 1.619e-10 7.75 1.283e-10 11.25 7.945e-11 14.75 1.562e-08
18.25 2.914e-11 21.75 2.517e-08 25.25 7.506e-09 28.75 1.445e-11
32.25 7.680e-09 35.75 7.755e-10 39.25 8.064e-10 42.75 3.393e-09
46.25 7.254e-09 49.75 3.064e-09 53.25 1.853e-09 56.75 1.223e-09
60.25 8.503e-10 63.75 7.009e-10 67.25 9.782e-10 70.75 5.900e-10
74.25 6.438e-10 77.75 6.754e-10 81.25 3.792e-10 84.75 4.064e-10
88.25 2.965e-10 91.75 3.146e-10 95.25 7.163e-10 98.75 2.289e-10
102.25 3.363e-10 105.75 3.251e-10 109.25 9.522e-11 112.75 2.470e-10
116.25 1.259e-10
95.000000
4.25 1.391e-10 7.75 1.145e-10 11.25 7.072e-11 14.75 1.640e-08
18.25 2.736e-11 21.75 2.717e-08 25.25 6.472e-09 28.75 1.142e-11
32.25 6.710e-09 35.75 7.040e-10 39.25 7.538e-10 42.75 3.056e-09
46.25 6.342e-09 49.75 2.710e-09 53.25 1.673e-09 56.75 1.129e-09
60.25 7.532e-10 63.75 6.431e-10 67.25 9.116e-10 70.75 5.365e-10
74.25 5.895e-10 77.75 5.839e-10 81.25 3.520e-10 84.75 3.721e-10
88.25 2.538e-10 91.75 2.559e-10 95.25 5.979e-10 98.75 2.110e-10
102.25 3.026e-10 105.75 2.512e-10 109.25 8.134e-11 112.75 2.100e-10
116.25 1.118e-10
105.000000
4.25 1.178e-10 7.75 1.013e-10 11.25 6.063e-11 14.75 1.660e-08
18.25 2.685e-11 21.75 2.829e-08 25.25 5.499e-09 28.75 8.728e-12
32.25 5.781e-09 35.75 6.319e-10 39.25 6.906e-10 42.75 2.708e-09
46.25 5.466e-09 49.75 2.357e-09 53.25 1.481e-09 56.75 1.023e-09
60.25 6.610e-10 63.75 5.756e-10 67.25 8.168e-10 70.75 4.732e-10
74.25 5.290e-10 77.75 4.913e-10 81.25 3.122e-10 84.75 3.287e-10
88.25 2.130e-10 91.75 2.035e-10 95.25 4.830e-10 98.75 1.837e-10
102.25 2.619e-10 105.75 1.897e-10 109.25 6.683e-11 112.75 1.696e-10
116.25 9.345e-11
115.000000
4.25 9.823e-11 7.75 8.871e-11 11.25 5.031e-11 14.75 1.626e-08
18.25 2.668e-11 21.75 2.853e-08 25.25 4.608e-09 28.75 6.436e-12
32.25 4.911e-09 35.75 5.609e-10 39.25 6.207e-10 42.75 2.360e-09
46.25 4.643e-09 49.75 2.016e-09 53.25 1.287e-09 56.75 9.106e-10
60.25 5.753e-10 63.75 5.023e-10 67.25 7.045e-10 70.75 4.046e-10
74.25 4.643e-10 77.75 4.031e-10 81.25 2.646e-10 84.75 2.798e-10
88.25 1.758e-10 91.75 1.590e-10 95.25 3.768e-10 98.75 1.513e-10
102.25 2.177e-10 105.75 1.406e-10 109.25 5.284e-11 112.75 1.298e-10
116.25 7.348e-11
125.000000
4.25 8.067e-11 7.75 7.693e-11 11.25 4.075e-11 14.75 1.547e-08
18.25 2.600e-11 21.75 2.794e-08 25.25 3.811e-09 28.75 4.571e-12
32.25 4.117e-09 35.75 4.927e-10 39.25 5.482e-10 42.75 2.021e-09
46.25 3.887e-09 49.75 1.695e-09 53.25 1.099e-09 56.75 7.949e-10
60.25 4.973e-10 63.75 4.274e-10 67.25 5.862e-10 70.75 3.351e-10
74.25 3.980e-10 77.75 3.238e-10 81.25 2.146e-10 84.75 2.292e-10
88.25 1.432e-10 91.75 1.231e-10 95.25 2.839e-10 98.75 1.181e-10
102.25 1.737e-10 105.75 1.028e-10 109.25 4.035e-11 112.75 9.391e-11
116.25 5.424e-11
135.000000
4.25 6.517e-11 7.75 6.601e-11 11.25 3.264e-11 14.75 1.434e-08
18.25 2.431e-11 21.75 2.664e-08 25.25 3.115e-09 28.75 3.129e-12
32.25 3.409e-09 35.75 4.289e-10 39.25 4.771e-10 42.75 1.701e-09
46.25 3.209e-09 49.75 1.400e-09 53.25 9.231e-10 56.75 6.807e-10
60.25 4.276e-10 63.75 3.548e-10 67.25 4.718e-10 70.75 2.689e-10
74.25 3.331e-10 77.75 2.564e-10 81.25 1.669e-10 84.75 1.805e-10
88.25 1.159e-10 91.75 9.539e-11 95.25 2.068e-10 98.75 8.761e-11
102.25 1.329e-10 105.75 7.478e-11 109.25 2.997e-11 112.75 6.468e-11
116.25 3.762e-11
145.000000
4.25 5.175e-11 7.75 5.602e-11 11.25 2.627e-11 14.75 1.299e-08
18.25 2.148e-11 21.75 2.478e-08 25.25 2.518e-09 28.75 2.081e-12
32.25 2.790e-09 35.75 3.707e-10 39.25 4.108e-10 42.75 1.407e-09
46.25 2.612e-09 49.75 1.136e-09 53.25 7.649e-10 56.75 5.724e-10
60.25 3.664e-10 63.75 2.876e-10 67.25 3.693e-10 70.75 2.093e-10
74.25 2.724e-10 77.75 2.021e-10 81.25 1.254e-10 84.75 1.368e-10
88.25 9.395e-11 91.75 7.512e-11 95.25 1.465e-10 98.75 6.226e-11
102.25 9.801e-11 105.75 5.477e-11 109.25 2.195e-11 112.75 4.342e-11
116.25 2.473e-11
155.000000
4.25 4.033e-11 7.75 4.696e-11 11.25 2.159e-11 14.75 1.151e-08
18.25 1.771e-11 21.75 2.253e-08 25.25 2.014e-09 28.75 1.376e-12
32.25 2.259e-09 35.75 3.191e-10 39.25 3.517e-10 42.75 1.145e-09
46.25 2.097e-09 49.75 9.064e-10 53.25 6.272e-10 56.75 4.734e-10
60.25 3.132e-10 63.75 2.283e-10 67.25 2.833e-10 70.75 1.587e-10
74.25 2.181e-10 77.75 1.605e-10 81.25 9.210e-11 84.75 9.995e-11
88.25 7.692e-11 91.75 6.095e-11 95.25 1.023e-10 98.75 4.310e-11
102.25 7.029e-11 105.75 4.109e-11 109.25 1.617e-11 112.75 2.993e-11
116.25 1.585e-11
165.000000
4.25 3.083e-11 7.75 3.886e-11 11.25 1.829e-11 14.75 9.992e-09
18.25 1.346e-11 21.75 2.004e-08 25.25 1.596e-09 28.75 9.474e-13
32.25 1.812e-09 35.75 2.744e-10 39.25 3.010e-10 42.75 9.172e-10
46.25 1.662e-09 49.75 7.116e-10 53.25 5.107e-10 56.75 3.862e-10
60.25 2.672e-10 63.75 1.783e-10 67.25 2.156e-10 70.75 1.184e-10
74.25 1.720e-10 77.75 1.302e-10 81.25 6.761e-11 84.75 7.105e-11
88.25 6.402e-11 91.75 5.139e-11 95.25 7.203e-11 98.75 3.010e-11
102.25 5.009e-11 105.75 3.233e-11 109.25 1.229e-11 112.75 2.286e-11
116.25 1.058e-11
175.000000
4.25 2.310e-11 7.75 3.171e-11 11.25 1.592e-11 14.75 8.504e-09
18.25 9.234e-12 21.75 1.747e-08 25.25 1.251e-09 28.75 7.250e-13
32.25 1.442e-09 35.75 2.365e-10 39.25 2.589e-10 42.75 7.252e-10
46.25 1.301e-09 49.75 5.511e-10 53.25 4.143e-10 56.75 3.124e-10
60.25 2.274e-10 63.75 1.381e-10 67.25 1.656e-10 70.75 8.842e-11
74.25 1.346e-10 77.75 1.091e-10 81.25 5.119e-11 84.75 5.012e-11
88.25 5.435e-11 91.75 4.510e-11 95.25 5.315e-11 98.75 2.244e-11
102.25 3.686e-11 105.75 2.732e-11 109.25 9.876e-12 112.75 2.020e-11
116.25 8.145e-12
185.000000
4.25 1.696e-11 7.75 2.548e-11 11.25 1.407e-11 14.75 7.099e-09
18.25 5.482e-12 21.75 1.494e-08 25.25 9.709e-10 28.75 6.394e-13
32.25 1.139e-09 35.75 2.046e-10 39.25 2.246e-10 42.75 5.672e-10
46.25 1.008e-09 49.75 4.224e-10 53.25 3.359e-10 56.75 2.520e-10
60.25 1.929e-10 63.75 1.073e-10 67.25 1.309e-10 70.75 6.804e-11
74.25 1.058e-10 77.75 9.496e-11 81.25 4.133e-11 84.75 3.636e-11
88.25 4.705e-11 91.75 4.094e-11 95.25 4.272e-11 98.75 1.889e-11
102.25 2.940e-11 105.75 2.509e-11 109.25 8.466e-12 112.75 1.989e-11
116.25 7.610e-12
195.000000
4.25 1.220e-11 7.75 2.015e-11 11.25 1.242e-11 14.75 5.810e-09
18.25 2.502e-12 21.75 1.254e-08 25.25 7.442e-10 28.75 6.299e-13
32.25 8.934e-10 35.75 1.778e-10 39.25 1.970e-10 42.75 4.403e-10
46.25 7.735e-10 49.75 3.221e-10 53.25 2.728e-10 56.75 2.042e-10
60.25 1.627e-10 63.75 8.502e-11 67.25 1.084e-10 70.75 5.566e-11
74.25 8.461e-11 77.75 8.572e-11 81.25 3.618e-11 84.75 2.847e-11
88.25 4.143e-11 91.75 3.807e-11 95.25 3.802e-11 98.75 1.811e-11
102.25 2.626e-11 105.75 2.473e-11 109.25 7.693e-12 112.75 2.028e-11
116.25 8.133e-12
205.000000
4.25 8.605e-12 7.75 1.567e-11 11.25 1.078e-11 14.75 4.660e-09
18.25 8.977e-13 21.75 1.033e-08 25.25 5.626e-10 28.75 6.484e-13
32.25 6.973e-10 35.75 1.551e-10 39.25 1.746e-10 42.75 3.407e-10
46.25 5.896e-10 49.75 2.459e-10 53.25 2.224e-10 56.75 1.673e-10
60.25 1.365e-10 63.75 6.967e-11 67.25 9.463e-11 70.75 4.932e-11
74.25 6.977e-11 77.75 7.954e-11 81.25 3.400e-11 84.75 2.486e-11
88.25 3.696e-11 91.75 3.588e-11 95.25 3.674e-11 98.75 1.887e-11
102.25 2.591e-11 105.75 2.540e-11 109.25 7.278e-12 112.75 2.033e-11
116.25 9.064e-12
215.000000
4.25 5.966e-12 7.75 1.196e-11 11.25 9.078e-12 14.75 3.660e-09
18.25 8.081e-13 21.75 8.368e-09 25.25 4.187e-10 28.75 6.615e-13
32.25 5.418e-10 35.75 1.357e-10 39.25 1.559e-10 42.75 2.639e-10
46.25 4.477e-10 49.75 1.891e-10 53.25 1.822e-10 56.75 1.393e-10
60.25 1.138e-10 63.75 5.955e-11 67.25 8.651e-11 70.75 4.694e-11
74.25 5.970e-11 77.75 7.492e-11 81.25 3.334e-11 84.75 2.394e-11
88.25 3.325e-11 91.75 3.397e-11 95.25 3.705e-11 98.75 2.021e-11
102.25 2.700e-11 105.75 2.634e-11 109.25 7.033e-12 112.75 1.965e-11
116.25 9.968e-12
225.000000
4.25 4.079e-12 7.75 8.954e-12 11.25 7.352e-12 14.75 2.814e-09
18.25 1.314e-12 21.75 6.657e-09 25.25 3.060e-10 28.75 6.501e-13
32.25 4.196e-10 35.75 1.188e-10 39.25 1.400e-10 42.75 2.057e-10
46.25 3.396e-10 49.75 1.473e-10 53.25 1.501e-10 56.75 1.181e-10
60.25 9.441e-11 63.75 5.297e-11 67.25 8.151e-11 70.75 4.660e-11
74.25 5.291e-11 77.75 7.076e-11 81.25 3.315e-11 84.75 2.433e-11
88.25 3.004e-11 91.75 3.207e-11 95.25 3.769e-11 98.75 2.143e-11
102.25 2.845e-11 105.75 2.692e-11 109.25 6.841e-12 112.75 1.828e-11
116.25 1.060e-11
235.000000
4.25 2.764e-12 7.75 6.569e-12 11.25 5.673e-12 14.75 2.115e-09
18.25 1.299e-12 21.75 5.202e-09 25.25 2.191e-10 28.75 6.074e-13
32.25 3.243e-10 35.75 1.041e-10 39.25 1.259e-10 42.75 1.622e-10
46.25 2.582e-10 49.75 1.165e-10 53.25 1.244e-10 56.75 1.018e-10
60.25 7.820e-11 63.75 4.845e-11 67.25 7.775e-11 70.75 4.676e-11
74.25 4.813e-11 77.75 6.632e-11 81.25 3.277e-11 84.75 2.496e-11
88.25 2.713e-11 91.75 3.003e-11 95.25 3.782e-11 98.75 2.211e-11
102.25 2.949e-11 105.75 2.673e-11 109.25 6.636e-12 112.75 1.652e-11
116.25 1.088e-11
245.000000
4.25 1.868e-12 7.75 4.716e-12 11.25 4.134e-12 14.75 1.555e-09
18.25 9.726e-13 21.75 3.992e-09 25.25 1.533e-10 28.75 5.358e-13
32.25 2.505e-10 35.75 9.135e-11 39.25 1.131e-10 42.75 1.298e-10
46.25 1.972e-10 49.75 9.352e-11 53.25 1.038e-10 56.75 8.884e-11
60.25 6.494e-11 63.75 4.482e-11 67.25 7.400e-11 70.75 4.634e-11
74.25 4.438e-11 77.75 6.122e-11 81.25 3.186e-11 84.75 2.511e-11
88.25 2.441e-11 91.75 2.778e-11 95.25 3.706e-11 98.75 2.207e-11
102.25 2.967e-11 105.75 2.556e-11 109.25 6.383e-12 112.75 1.473e-11
116.25 1.078e-11
255.000000
4.25 1.282e-12 7.75 3.339e-12 11.25 2.835e-12 14.75 1.127e-09
18.25 5.236e-13 21.75 3.024e-09 25.25 1.055e-10 28.75 4.434e-13
32.25 1.947e-10 35.75 8.039e-11 39.25 1.014e-10 42.75 1.060e-10
46.25 1.525e-10 49.75 7.609e-11 53.25 8.754e-11 56.75 7.819e-11
60.25 5.451e-11 63.75 4.130e-11 67.25 6.955e-11 70.75 4.463e-11
74.25 4.100e-11 77.75 5.533e-11 81.25 3.029e-11 84.75 2.437e-11
88.25 2.180e-11 91.75 2.531e-11 95.25 3.522e-11 98.75 2.127e-11
102.25 2.875e-11 105.75 2.338e-11 109.25 6.064e-12 112.75 1.323e-11
116.25 1.034e-11
265.000000
4.25 8.947e-13 7.75 2.338e-12 11.25 1.828e-12 14.75 8.088e-10
18.25 1.127e-13 21.75 2.265e-09 25.25 7.149e-11 28.75 3.444e-13
32.25 1.525e-10 35.75 7.099e-11 39.25 9.045e-11 42.75 8.825e-11
46.25 1.193e-10 49.75 6.232e-11 53.25 7.456e-11 56.75 6.903e-11
60.25 4.640e-11 63.75 3.751e-11 67.25 6.428e-11 70.75 4.161e-11
74.25 3.763e-11 77.75 4.895e-11 81.25 2.816e-11 84.75 2.275e-11
88.25 1.931e-11 91.75 2.274e-11 95.25 3.251e-11 98.75 1.989e-11
102.25 2.686e-11 105.75 2.049e-11 109.25 5.684e-12 112.75 1.212e-11
116.25 9.663e-12
275.000000
4.25 6.256e-13 7.75 1.606e-12 11.25 1.085e-12 14.75 5.725e-10
18.25 2.103e-13 21.75 1.670e-09 25.25 4.715e-11 28.75 2.502e-13
32.25 1.199e-10 35.75 6.270e-11 39.25 8.017e-11 42.75 7.425e-11
46.25 9.390e-11 49.75 5.100e-11 53.25 6.389e-11 56.75 6.088e-11
60.25 3.995e-11 63.75 3.352e-11 67.25 5.847e-11 70.75 3.773e-11
74.25 3.421e-11 77.75 4.251e-11 81.25 2.568e-11 84.75 2.057e-11
88.25 1.697e-11 91.75 2.018e-11 95.25 2.931e-11 98.75 1.817e-11
102.25 2.435e-11 105.75 1.736e-11 109.25 5.263e-12 112.75 1.128e-11
116.25 8.849e-12
285.000000
4.25 4.361e-13 7.75 1.082e-12 11.25 5.757e-13 14.75 4.007e-10
18.25 3.822e-13 21.75 1.211e-09 25.25 3.015e-11 28.75 1.674e-13
32.25 9.452e-11 35.75 5.523e-11 39.25 7.044e-11 42.75 6.292e-11
46.25 7.428e-11 49.75 4.169e-11 53.25 5.498e-11 56.75 5.357e-11
60.25 3.475e-11 63.75 2.951e-11 67.25 5.243e-11 70.75 3.341e-11
74.25 3.081e-11 77.75 3.638e-11 81.25 2.301e-11 84.75 1.810e-11
88.25 1.484e-11 91.75 1.777e-11 95.25 2.588e-11 98.75 1.631e-11
102.25 2.151e-11 105.75 1.431e-11 109.25 4.821e-12 112.75 1.057e-11
116.25 7.972e-12
295.000000
4.25 3.007e-13 7.75 7.149e-13 11.25 2.571e-13 14.75 2.783e-10
18.25 4.596e-13 21.75 8.624e-10 25.25 1.860e-11 28.75 9.979e-14
32.25 7.478e-11 35.75 4.830e-11 39.25 6.120e-11 42.75 5.349e-11
46.25 5.910e-11 49.75 3.411e-11 53.25 4.741e-11 56.75 4.702e-11
60.25 3.047e-11 63.75 2.570e-11 67.25 4.644e-11 70.75 2.905e-11
74.25 2.751e-11 77.75 3.085e-11 81.25 2.031e-11 84.75 1.561e-11
88.25 1.299e-11 91.75 1.561e-11 95.25 2.249e-11 98.75 1.444e-11
102.25 1.863e-11 105.75 1.160e-11 109.25 4.377e-12 112.75 9.867e-12
116.25 7.094e-12
305.000000
4.25 2.028e-13 7.75 4.641e-13 11.25 8.139e-14 14.75 1.925e-10
18.25 4.513e-13 21.75 6.035e-10 25.25 1.101e-11 28.75 4.837e-14
32.25 5.932e-11 35.75 4.177e-11 39.25 5.244e-11 42.75 4.544e-11
46.25 4.732e-11 49.75 2.805e-11 53.25 4.085e-11 56.75 4.117e-11
60.25 2.684e-11 63.75 2.226e-11 67.25 4.074e-11 70.75 2.498e-11
74.25 2.443e-11 77.75 2.611e-11 81.25 1.771e-11 84.75 1.331e-11
88.25 1.144e-11 91.75 1.374e-11 95.25 1.932e-11 98.75 1.266e-11
102.25 1.590e-11 105.75 9.399e-12 109.25 3.949e-12 112.75 9.078e-12
116.25 6.263e-12
315.000000
4.25 1.320e-13 7.75 2.969e-13 11.25 8.081e-15 14.75 1.330e-10
18.25 3.875e-13 21.75 4.146e-10 25.25 6.200e-12 28.75 1.536e-14
32.25 4.712e-11 35.75 3.555e-11 39.25 4.420e-11 42.75 3.843e-11
46.25 3.817e-11 49.75 2.330e-11 53.25 3.508e-11 56.75 3.596e-11
60.25 2.370e-11 63.75 1.931e-11 67.25 3.552e-11 70.75 2.139e-11
74.25 2.165e-11 77.75 2.220e-11 81.25 1.529e-11 84.75 1.130e-11
88.25 1.020e-11 91.75 1.219e-11 95.25 1.650e-11 98.75 1.106e-11
102.25 1.349e-11 105.75 7.753e-12 109.25 3.551e-12 112.75 8.183e-12
116.25 5.510e-12
325.000000
4.25 8.145e-14 7.75 1.879e-13 11.25 1.777e-14 14.75 9.200e-11
18.25 2.976e-13 21.75 2.796e-10 25.25 3.286e-12 28.75 1.064e-14
32.25 3.740e-11 35.75 2.969e-11 39.25 3.658e-11 42.75 3.226e-11
46.25 3.104e-11 49.75 1.964e-11 53.25 2.996e-11 56.75 3.133e-11
60.25 2.094e-11 63.75 1.686e-11 67.25 3.084e-11 70.75 1.836e-11
74.25 1.920e-11 77.75 1.909e-11 81.25 1.313e-11 84.75 9.661e-12
88.25 9.243e-12 91.75 1.095e-11 95.25 1.410e-11 98.75 9.654e-12
102.25 1.146e-11 105.75 6.621e-12 109.25 3.188e-12 112.75 7.210e-12
116.25 4.851e-12
335.000000
4.25 4.824e-14 7.75 1.217e-13 11.25 9.238e-15 14.75 6.473e-11
18.25 2.068e-13 21.75 1.891e-10 25.25 1.714e-12 28.75 2.225e-14
32.25 2.981e-11 35.75 2.443e-11 39.25 2.984e-11 42.75 2.694e-11
46.25 2.562e-11 49.75 1.688e-11 53.25 2.551e-11 56.75 2.727e-11
60.25 1.852e-11 63.75 1.491e-11 67.25 2.683e-11 70.75 1.592e-11
74.25 1.713e-11 77.75 1.668e-11 81.25 1.129e-11 84.75 8.403e-12
88.25 8.517e-12 91.75 9.969e-12 95.25 1.216e-11 98.75 8.475e-12
102.25 9.851e-12 105.75 5.920e-12 109.25 2.868e-12 112.75 6.243e-12
116.25 4.299e-12
345.000000
4.25 2.612e-14 7.75 7.871e-14 11.25 9.057e-15 14.75 4.529e-11
18.25 1.299e-13 21.75 1.259e-10 25.25 8.264e-13 28.75 2.709e-14
32.25 2.365e-11 35.75 1.988e-11 39.25 2.401e-11 42.75 2.232e-11
46.25 2.128e-11 49.75 1.463e-11 53.25 2.161e-11 56.75 2.364e-11
60.25 1.636e-11 63.75 1.328e-11 67.25 2.333e-11 70.75 1.388e-11
74.25 1.535e-11 77.75 1.470e-11 81.25 9.742e-12 84.75 7.406e-12
88.25 7.899e-12 91.75 9.134e-12 95.25 1.058e-11 98.75 7.471e-12
102.25 8.557e-12 105.75 5.430e-12 109.25 2.580e-12 112.75 5.366e-12
116.25 3.825e-12
355.000000
4.25 1.212e-14 7.75 5.080e-14 11.25 1.791e-14 14.75 3.133e-11
18.25 7.073e-14 21.75 8.218e-11 25.25 3.513e-13 28.75 2.746e-14
32.25 1.863e-11 35.75 1.609e-11 39.25 1.912e-11 42.75 1.835e-11
46.25 1.776e-11 49.75 1.271e-11 53.25 1.823e-11 56.75 2.038e-11
60.25 1.444e-11 63.75 1.186e-11 67.25 2.029e-11 70.75 1.213e-11
74.25 1.381e-11 77.75 1.297e-11 81.25 8.440e-12 84.75 6.593e-12
88.25 7.320e-12 91.75 8.380e-12 95.25 9.274e-12 98.75 6.616e-12
102.25 7.495e-12 105.75 5.033e-12 109.25 2.318e-12 112.75 4.620e-12
116.25 3.409e-12
365.000000
4.25 3.927e-15 7.75 3.280e-14 11.25 2.590e-14 14.75 2.134e-11
18.25 2.940e-14 21.75 5.261e-11 25.25 1.179e-13 28.75 2.502e-14
32.25 1.455e-11 35.75 1.309e-11 39.25 1.515e-11 42.75 1.501e-11
46.25 1.486e-11 49.75 1.100e-11 53.25 1.536e-11 56.75 1.747e-11
60.25 1.271e-11 63.75 1.057e-11 67.25 1.764e-11 70.75 1.058e-11
74.25 1.245e-11 77.75 1.140e-11 81.25 7.349e-12 84.75 5.903e-12
88.25 6.736e-12 91.75 7.662e-12 95.25 8.192e-12 98.75 5.885e-12
102.25 6.601e-12 105.75 4.652e-12 109.25 2.077e-12 112.75 4.016e-12
116.25 3.037e-12
375.000000
4.25 1.283e-15 7.75 2.120e-14 11.25 2.884e-14 14.75 1.428e-11
18.25 1.018e-14 21.75 3.301e-11 25.25 3.112e-14 28.75 2.103e-14
32.25 1.127e-11 35.75 1.080e-11 39.25 1.204e-11 42.75 1.223e-11
46.25 1.245e-11 49.75 9.432e-12 53.25 1.293e-11 56.75 1.488e-11
60.25 1.116e-11 63.75 9.360e-12 67.25 1.532e-11 70.75 9.188e-12
74.25 1.122e-11 77.75 9.931e-12 81.25 6.431e-12 84.75 5.290e-12
88.25 6.125e-12 91.75 6.958e-12 95.25 7.273e-12 98.75 5.256e-12
102.25 5.825e-12 105.75 4.247e-12 109.25 1.853e-12 112.75 3.545e-12
116.25 2.697e-12
385.000000
4.25 2.119e-15 7.75 1.367e-14 11.25 2.782e-14 14.75 9.363e-12
18.25 1.053e-14 21.75 2.030e-11 25.25 2.534e-14 28.75 1.644e-14
32.25 8.657e-12 35.75 9.097e-12 39.25 9.644e-12 42.75 9.951e-12
46.25 1.042e-11 49.75 7.981e-12 53.25 1.090e-11 56.75 1.259e-11
60.25 9.744e-12 63.75 8.212e-12 67.25 1.328e-11 70.75 7.925e-12
74.25 1.009e-11 77.75 8.553e-12 81.25 5.646e-12 84.75 4.724e-12
88.25 5.489e-12 91.75 6.262e-12 95.25 6.475e-12 98.75 4.710e-12
102.25 5.133e-12 105.75 3.809e-12 109.25 1.646e-12 112.75 3.178e-12
116.25 2.384e-12
395.000000
4.25 2.527e-15 7.75 8.764e-15 11.25 2.440e-14 14.75 6.024e-12
18.25 1.638e-14 21.75 1.224e-11 25.25 3.968e-14 28.75 1.193e-14
32.25 6.591e-12 35.75 7.824e-12 39.25 7.827e-12 42.75 8.105e-12
46.25 8.697e-12 49.75 6.651e-12 53.25 9.201e-12 56.75 1.058e-11
60.25 8.459e-12 63.75 7.125e-12 67.25 1.147e-11 70.75 6.785e-12
74.25 9.028e-12 77.75 7.275e-12 81.25 4.962e-12 84.75 4.192e-12
88.25 4.845e-12 91.75 5.579e-12 95.25 5.764e-12 98.75 4.232e-12
102.25 4.505e-12 105.75 3.354e-12 109.25 1.455e-12 112.75 2.882e-12
116.25 2.094e-12
405.000000
4.25 2.274e-15 7.75 5.541e-15 11.25 1.997e-14 14.75 3.819e-12
18.25 1.725e-14 21.75 7.237e-12 25.25 4.535e-14 28.75 7.927e-15
32.25 4.977e-12 35.75 6.823e-12 39.25 6.431e-12 42.75 6.609e-12
46.25 7.237e-12 49.75 5.460e-12 53.25 7.763e-12 56.75 8.836e-12
60.25 7.290e-12 63.75 6.113e-12 67.25 9.868e-12 70.75 5.769e-12
74.25 8.025e-12 77.75 6.120e-12 81.25 4.356e-12 84.75 3.689e-12
88.25 4.219e-12 91.75 4.925e-12 95.25 5.121e-12 98.75 3.808e-12
102.25 3.934e-12 105.75 2.905e-12 109.25 1.282e-12 112.75 2.625e-12
116.25 1.831e-12
415.000000
4.25 1.795e-15 7.75 3.426e-15 11.25 1.555e-14 14.75 2.403e-12
18.25 1.553e-14 21.75 4.201e-12 25.25 4.827e-14 28.75 4.692e-15
32.25 3.728e-12 35.75 5.962e-12 39.25 5.322e-12 42.75 5.392e-12
46.25 6.000e-12 49.75 4.422e-12 53.25 6.531e-12 56.75 7.333e-12
60.25 6.236e-12 63.75 5.192e-12 67.25 8.444e-12 70.75 4.883e-12
74.25 7.074e-12 77.75 5.111e-12 81.25 3.813e-12 84.75 3.220e-12
88.25 3.637e-12 91.75 4.313e-12 95.25 4.534e-12 98.75 3.428e-12
102.25 3.418e-12 105.75 2.488e-12 109.25 1.127e-12 112.75 2.385e-12
116.25 1.595e-12
425.000000
4.25 1.313e-15 7.75 2.050e-15 11.25 1.167e-14 14.75 1.517e-12
18.25 1.280e-14 21.75 2.398e-12 25.25 4.909e-14 28.75 2.307e-15
32.25 2.770e-12 35.75 5.154e-12 39.25 4.399e-12 42.75 4.390e-12
46.25 4.956e-12 49.75 3.545e-12 53.25 5.464e-12 56.75 6.045e-12
60.25 5.295e-12 63.75 4.376e-12 67.25 7.180e-12 70.75 4.125e-12
74.25 6.179e-12 77.75 4.256e-12 81.25 3.323e-12 84.75 2.790e-12
88.25 3.117e-12 91.75 3.754e-12 95.25 3.997e-12 98.75 3.081e-12
102.25 2.958e-12 105.75 2.120e-12 109.25 9.905e-13 112.75 2.149e-12
116.25 1.387e-12
435.000000
4.25 9.197e-16 7.75 1.171e-15 11.25 8.548e-15 14.75 9.708e-13
18.25 9.971e-15 21.75 1.350e-12 25.25 4.703e-14 28.75 7.374e-16
32.25 2.041e-12 35.75 4.362e-12 39.25 3.600e-12 42.75 3.556e-12
46.25 4.078e-12 49.75 2.823e-12 53.25 4.531e-12 56.75 4.949e-12
60.25 4.467e-12 63.75 3.667e-12 67.25 6.061e-12 70.75 3.487e-12
74.25 5.347e-12 77.75 3.550e-12 81.25 2.881e-12 84.75 2.403e-12
88.25 2.667e-12 91.75 3.253e-12 95.25 3.507e-12 98.75 2.762e-12
102.25 2.552e-12 105.75 1.809e-12 109.25 8.707e-13 112.75 1.915e-12
116.25 1.208e-12
445.000000
4.25 6.309e-16 7.75 6.265e-16 11.25 6.157e-15 14.75 6.341e-13
18.25 7.467e-15 21.75 7.518e-13 25.25 4.171e-14 28.75 1.736e-16
32.25 1.490e-12 35.75 3.587e-12 39.25 2.895e-12 42.75 2.856e-12
46.25 3.344e-12 49.75 2.242e-12 53.25 3.717e-12 56.75 4.022e-12
60.25 3.750e-12 63.75 3.064e-12 67.25 5.076e-12 70.75 2.951e-12
74.25 4.583e-12 77.75 2.978e-12 81.25 2.485e-12 84.75 2.059e-12
88.25 2.284e-12 91.75 2.808e-12 95.25 3.060e-12 98.75 2.464e-12
102.25 2.196e-12 105.75 1.551e-12 109.25 7.658e-13 112.75 1.686e-12
116.25 1.053e-12
455.000000
4.25 4.319e-16 7.75 3.019e-16 11.25 4.391e-15 14.75 4.227e-13
18.25 5.437e-15 21.75 4.164e-13 25.25 3.364e-14 28.75 5.700e-16
32.25 1.078e-12 35.75 2.851e-12 39.25 2.275e-12 42.75 2.270e-12
46.25 2.732e-12 49.75 1.781e-12 53.25 3.013e-12 56.75 3.244e-12
60.25 3.136e-12 63.75 2.554e-12 67.25 4.215e-12 70.75 2.502e-12
74.25 3.891e-12 77.75 2.513e-12 81.25 2.132e-12 84.75 1.756e-12
88.25 1.959e-12 91.75 2.415e-12 95.25 2.653e-12 98.75 2.182e-12
102.25 1.883e-12 105.75 1.338e-12 109.25 6.733e-13 112.75 1.466e-12
116.25 9.180e-13
465.000000
4.25 2.988e-16 7.75 1.189e-16 11.25 3.111e-15 14.75 2.855e-13
18.25 3.877e-15 21.75 2.308e-13 25.25 2.400e-14 28.75 6.346e-16
32.25 7.724e-13 35.75 2.183e-12 39.25 1.742e-12 42.75 1.780e-12
46.25 2.224e-12 49.75 1.418e-12 53.25 2.412e-12 56.75 2.595e-12
60.25 2.615e-12 63.75 2.126e-12 67.25 3.468e-12 70.75 2.120e-12
74.25 3.273e-12 77.75 2.132e-12 81.25 1.819e-12 84.75 1.492e-12
88.25 1.682e-12 91.75 2.066e-12 95.25 2.283e-12 98.75 1.915e-12
102.25 1.606e-12 105.75 1.159e-12 109.25 5.907e-13 112.75 1.261e-12
116.25 7.995e-13
475.000000
4.25 2.100e-16 7.75 2.808e-17 11.25 2.192e-15 14.75 1.930e-13
18.25 2.717e-15 21.75 1.289e-13 25.25 1.415e-14 28.75 5.159e-16
32.25 5.479e-13 35.75 1.607e-12 39.25 1.298e-12 42.75 1.377e-12
46.25 1.803e-12 49.75 1.132e-12 53.25 1.907e-12 56.75 2.058e-12
60.25 2.172e-12 63.75 1.765e-12 67.25 2.826e-12 70.75 1.792e-12
74.25 2.727e-12 77.75 1.811e-12 81.25 1.541e-12 84.75 1.261e-12
88.25 1.441e-12 91.75 1.754e-12 95.25 1.948e-12 98.75 1.662e-12
102.25 1.360e-12 105.75 1.005e-12 109.25 5.157e-13 112.75 1.074e-12
116.25 6.930e-13
485.000000
4.25 1.495e-16 7.75 2.007e-17 11.25 1.533e-15 14.75 1.288e-13
18.25 1.876e-15 21.75 7.317e-14 25.25 5.263e-15 28.75 3.241e-16
32.25 3.848e-13 35.75 1.135e-12 39.25 9.412e-13 42.75 1.050e-12
46.25 1.455e-12 49.75 9.050e-13 53.25 1.490e-12 56.75 1.618e-12
60.25 1.797e-12 63.75 1.458e-12 67.25 2.279e-12 70.75 1.504e-12
74.25 2.250e-12 77.75 1.533e-12 81.25 1.295e-12 84.75 1.058e-12
88.25 1.227e-12 91.75 1.476e-12 95.25 1.643e-12 98.75 1.424e-12
102.25 1.141e-12 105.75 8.663e-13 109.25 4.468e-13 112.75 9.054e-13
116.25 5.958e-13
495.000000
4.25 1.070e-16 7.75 3.516e-17 11.25 1.062e-15 14.75 8.354e-14
18.25 1.275e-15 21.75 4.241e-14 25.25 2.080e-15 28.75 1.299e-16
32.25 2.677e-13 35.75 7.661e-13 39.25 6.655e-13 42.75 7.890e-13
46.25 1.167e-12 49.75 7.231e-13 53.25 1.152e-12 56.75 1.260e-12
60.25 1.476e-12 63.75 1.197e-12 67.25 1.817e-12 70.75 1.251e-12
74.25 1.837e-12 77.75 1.288e-12 81.25 1.078e-12 84.75 8.796e-13
88.25 1.035e-12 91.75 1.228e-12 95.25 1.369e-12 98.75 1.201e-12
102.25 9.451e-13 105.75 7.398e-13 109.25 3.830e-13 112.75 7.552e-13
116.25 5.062e-13
505.000000
4.25 7.628e-17 7.75 3.586e-17 11.25 7.249e-16 14.75 5.191e-14
18.25 8.514e-16 21.75 2.516e-14 25.25 7.103e-15 28.75 6.054e-17
32.25 1.846e-13 35.75 4.918e-13 39.25 4.598e-13 42.75 5.846e-13
46.25 9.278e-13 49.75 5.756e-13 53.25 8.804e-13 56.75 9.718e-13
60.25 1.202e-12 63.75 9.733e-13 67.25 1.430e-12 70.75 1.026e-12
74.25 1.481e-12 77.75 1.069e-12 81.25 8.866e-13 84.75 7.231e-13
88.25 8.609e-13 91.75 1.007e-12 95.25 1.123e-12 98.75 9.957e-13
102.25 7.710e-13 105.75 6.229e-13 109.25 3.239e-13 112.75 6.224e-13
116.25 4.238e-13
515.000000
4.25 5.359e-17 7.75 3.035e-17 11.25 4.848e-16 14.75 3.025e-14
18.25 5.561e-16 21.75 1.523e-14 25.25 1.031e-14 28.75 1.401e-16
32.25 1.263e-13 35.75 2.972e-13 39.25 3.114e-13 42.75 4.268e-13
46.25 7.302e-13 49.75 4.549e-13 53.25 6.653e-13 56.75 7.403e-13
60.25 9.670e-13 63.75 7.810e-13 67.25 1.109e-12 70.75 8.286e-13
74.25 1.177e-12 77.75 8.734e-13 81.25 7.185e-13 84.75 5.860e-13
88.25 7.039e-13 91.75 8.115e-13 95.25 9.056e-13 98.75 8.097e-13
102.25 6.176e-13 105.75 5.151e-13 109.25 2.695e-13 112.75 5.058e-13
116.25 3.484e-13
525.000000
4.25 3.712e-17 7.75 2.307e-17 11.25 3.199e-16 14.75 1.642e-14
18.25 3.587e-16 21.75 9.532e-15 25.25 1.169e-14 28.75 1.996e-16
32.25 8.674e-14 35.75 1.702e-13 39.25 2.104e-13 42.75 3.094e-13
46.25 5.695e-13 49.75 3.569e-13 53.25 4.995e-13 56.75 5.595e-13
60.25 7.681e-13 63.75 6.186e-13 67.25 8.499e-13 70.75 6.581e-13
74.25 9.233e-13 77.75 7.012e-13 81.25 5.738e-13 84.75 4.681e-13
88.25 5.653e-13 91.75 6.434e-13 95.25 7.179e-13 98.75 6.461e-13
102.25 4.861e-13 105.75 4.179e-13 109.25 2.203e-13 112.75 4.055e-13
116.25 2.811e-13
535.000000
4.25 2.524e-17 7.75 1.637e-17 11.25 2.080e-16 14.75 8.058e-15
18.25 2.285e-16 21.75 6.117e-15 25.25 1.170e-14 28.75 2.184e-16
32.25 6.007e-14 35.75 9.205e-14 39.25 1.434e-13 42.75 2.231e-13
46.25 4.394e-13 49.75 2.771e-13 53.25 3.725e-13 56.75 4.190e-13
60.25 6.011e-13 63.75 4.827e-13 67.25 6.426e-13 70.75 5.134e-13
74.25 7.141e-13 77.75 5.523e-13 81.25 4.509e-13 84.75 3.680e-13
88.25 4.452e-13 91.75 5.011e-13 95.25 5.587e-13 98.75 5.054e-13
102.25 3.755e-13 105.75 3.321e-13 109.25 1.768e-13 112.75 3.200e-13
116.25 2.223e-13
545.000000
4.25 1.660e-17 7.75 1.095e-17 11.25 1.310e-16 14.75 3.129e-15
18.25 1.410e-16 21.75 3.909e-15 25.25 1.084e-14 28.75 2.111e-16
32.25 4.150e-14 35.75 4.489e-14 39.25 9.812e-14 42.75 1.588e-13
46.25 3.331e-13 49.75 2.115e-13 53.25 2.738e-13 56.75 3.088e-13
60.25 4.606e-13 63.75 3.688e-13 67.25 4.763e-13 70.75 3.913e-13
74.25 5.413e-13 77.75 4.247e-13 81.25 3.467e-13 84.75 2.831e-13
88.25 3.422e-13 91.75 3.814e-13 95.25 4.248e-13 98.75 3.859e-13
102.25 2.831e-13 105.75 2.574e-13 109.25 1.386e-13 112.75 2.474e-13
116.25 1.716e-13
555.000000
4.25 1.070e-17 7.75 7.050e-18 11.25 8.132e-17 14.75 6.762e-16
18.25 8.614e-17 21.75 2.525e-15 25.25 9.434e-15 28.75 1.867e-16
32.25 2.905e-14 35.75 2.023e-14 39.25 6.894e-14 42.75 1.128e-13
46.25 2.491e-13 49.75 1.591e-13 53.25 1.998e-13 56.75 2.253e-13
60.25 3.469e-13 63.75 2.770e-13 67.25 3.482e-13 70.75 2.927e-13
74.25 4.040e-13 77.75 3.199e-13 81.25 2.618e-13 84.75 2.140e-13
88.25 2.577e-13 91.75 2.850e-13 95.25 3.168e-13 98.75 2.887e-13
102.25 2.094e-13 105.75 1.953e-13 109.25 1.065e-13 112.75 1.879e-13
116.25 1.297e-13
