33 56
2.500 0
118.000 560
5.000000
4.25 4.500e-10 7.75 3.125e-10 11.25 2.045e-10 14.75 3.850e-11
18.25 1.111e-10 21.75 1.331e-08 25.25 5.388e-11 28.75 1.269e-08
32.25 1.185e-09 35.75 6.131e-10 39.25 6.234e-09 42.75 7.163e-09
46.25 9.914e-09 49.75 1.621e-09 53.25 1.663e-09 56.75 1.733e-09
60.25 8.154e-10 63.75 9.148e-10 67.25 7.927e-10 70.75 6.026e-10
74.25 5.893e-10 77.75 5.754e-10 81.25 6.172e-10 84.75 5.792e-10
88.25 6.692e-10 91.75 2.310e-10 95.25 1.502e-09 98.75 2.750e-10
102.25 8.630e-10 105.75 2.487e-10 109.25 3.890e-10 112.75 5.974e-11
116.25 3.259e-10
15.000000
4.25 4.401e-10 7.75 3.114e-10 11.25 1.237e-09 14.75 3.600e-11
18.25 1.428e-09 21.75 1.309e-08 25.25 5.257e-11 28.75 1.250e-08
32.25 1.164e-09 35.75 6.422e-10 39.25 6.171e-09 42.75 7.055e-09
46.25 9.767e-09 49.75 1.640e-09 53.25 1.668e-09 56.75 1.699e-09
60.25 8.253e-10 63.75 9.453e-10 67.25 8.010e-10 70.75 6.041e-10
74.25 5.993e-10 77.75 5.961e-10 81.25 6.190e-10 84.75 5.758e-10
88.25 6.545e-10 91.75 2.409e-10 95.25 1.472e-09 98.75 2.852e-10
102.25 8.459e-10 105.75 2.419e-10 109.25 3.828e-10 112.75 6.403e-11
116.25 3.180e-10
25.000000
4.25 4.212e-10 7.75 3.090e-10 11.25 3.133e-09 14.75 3.143e-11
18.25 3.888e-09 21.75 1.265e-08 25.25 5.007e-11 28.75 1.214e-08
32.25 1.125e-09 35.75 6.944e-10 39.25 6.048e-09 42.75 6.845e-09
46.25 9.482e-09 49.75 1.673e-09 53.25 1.674e-09 56.75 1.633e-09
60.25 8.412e-10 63.75 9.981e-10 67.25 8.143e-10 70.75 6.053e-10
74.25 6.158e-10 77.75 6.319e-10 81.25 6.205e-10 84.75 5.685e-10
88.25 6.263e-10 91.75 2.577e-10 95.25 1.413e-09 98.75 3.032e-10
102.25 8.127e-10 105.75 2.289e-10 109.25 3.710e-10 112.75 7.176e-11
116.25 3.028e-10
35.000000
4.25 3.944e-10 7.75 3.050e-10 11.25 5.673e-09 14.75 2.532e-11
18.25 7.279e-09 21.75 1.202e-08 25.25 4.654e-11 28.75 1.162e-08
32.25 1.070e-09 35.75 7.611e-10 39.25 5.863e-09 42.75 6.542e-09
46.25 9.068e-09 49.75 1.709e-09 53.25 1.675e-09 56.75 1.540e-09
60.25 8.572e-10 63.75 1.061e-09 67.25 8.278e-10 70.75 6.032e-10
74.25 6.336e-10 77.75 6.742e-10 81.25 6.183e-10 84.75 5.562e-10
88.25 5.856e-10 91.75 2.774e-10 95.25 1.327e-09 98.75 3.252e-10
102.25 7.639e-10 105.75 2.107e-10 109.25 3.541e-10 112.75 8.168e-11
116.25 2.812e-10
45.000000
4.25 3.614e-10 7.75 2.990e-10 11.25 8.528e-09 14.75 1.848e-11
18.25 1.126e-08 21.75 1.124e-08 25.25 4.224e-11 28.75 1.095e-08
32.25 1.004e-09 35.75 8.307e-10 39.25 5.618e-09 42.75 6.155e-09
46.25 8.539e-09 49.75 1.734e-09 53.25 1.664e-09 56.75 1.425e-09
60.25 8.657e-10 63.75 1.120e-09 67.25 8.352e-10 70.75 5.944e-10
74.25 6.461e-10 77.75 7.118e-10 81.25 6.086e-10 84.75 5.378e-10
88.25 5.346e-10 91.75 2.947e-10 95.25 1.218e-09 98.75 3.462e-10
102.25 7.012e-10 105.75 1.884e-10 109.25 3.328e-10 112.75 9.201e-11
116.25 2.543e-10
55.000000
4.25 3.243e-10 7.75 2.908e-10 11.25 1.137e-08 14.75 1.166e-11
18.25 1.546e-08 21.75 1.033e-08 25.25 3.748e-11 28.75 1.018e-08
32.25 9.316e-10 35.75 8.925e-10 39.25 5.321e-09 42.75 5.706e-09
46.25 7.924e-09 49.75 1.739e-09 53.25 1.635e-09 56.75 1.296e-09
60.25 8.611e-10 63.75 1.160e-09 67.25 8.318e-10 70.75 5.767e-10
74.25 6.482e-10 77.75 7.355e-10 81.25 5.892e-10 84.75 5.127e-10
88.25 4.764e-10 91.75 3.058e-10 95.25 1.092e-09 98.75 3.622e-10
102.25 6.281e-10 105.75 1.637e-10 109.25 3.083e-10 112.75 1.010e-10
116.25 2.242e-10
65.000000
4.25 2.847e-10 7.75 2.798e-10 11.25 1.388e-08 14.75 5.527e-12
18.25 1.952e-08 21.75 9.342e-09 25.25 3.254e-11 28.75 9.309e-09
32.25 8.564e-10 35.75 9.358e-10 39.25 4.972e-09 42.75 5.207e-09
46.25 7.237e-09 49.75 1.711e-09 53.25 1.583e-09 56.75 1.159e-09
60.25 8.374e-10 63.75 1.170e-09 67.25 8.122e-10 70.75 5.477e-10
74.25 6.348e-10 77.75 7.358e-10 81.25 5.577e-10 84.75 4.801e-10
88.25 4.136e-10 91.75 3.068e-10 95.25 9.529e-10 98.75 3.685e-10
102.25 5.473e-10 105.75 1.380e-10 109.25 2.809e-10 112.75 1.070e-10
116.25 1.922e-10
75.000000
4.25 2.448e-10 7.75 2.664e-10 11.25 1.588e-08 14.75 4.062e-13
18.25 2.315e-08 21.75 8.315e-09 25.25 2.770e-11 28.75 8.391e-09
32.25 7.822e-10 35.75 9.572e-10 39.25 4.585e-09 42.75 4.681e-09
46.25 6.512e-09 49.75 1.650e-09 53.25 1.508e-09 56.75 1.019e-09
60.25 7.955e-10 63.75 1.148e-09 67.25 7.769e-10 70.75 5.090e-10
74.25 6.066e-10 77.75 7.121e-10 81.25 5.159e-10 84.75 4.413e-10
88.25 3.498e-10 91.75 2.983e-10 95.25 8.099e-10 98.75 3.643e-10
102.25 4.638e-10 105.75 1.129e-10 109.25 2.517e-10 112.75 1.094e-10
116.25 1.605e-10
85.000000
4.25 2.062e-10 7.75 2.503e-10 11.25 1.716e-08 14.75 3.367e-12
18.25 2.602e-08 21.75 7.286e-09 25.25 2.317e-11 28.75 7.450e-09
32.25 7.119e-10 35.75 9.509e-10 39.25 4.166e-09 42.75 4.144e-09
46.25 5.772e-09 49.75 1.552e-09 53.25 1.409e-09 56.75 8.837e-10
60.25 7.343e-10 63.75 1.091e-09 67.25 7.244e-10 70.75 4.607e-10
74.25 5.626e-10 77.75 6.621e-10 81.25 4.647e-10 84.75 3.968e-10
88.25 2.883e-10 91.75 2.797e-10 95.25 6.694e-10 98.75 3.478e-10
102.25 3.816e-10 105.75 8.969e-11 109.25 2.212e-10 112.75 1.071e-10
116.25 1.307e-10
95.000000
4.25 1.700e-10 7.75 2.322e-10 11.25 1.770e-08 14.75 5.881e-12
18.25 2.800e-08 21.75 6.293e-09 25.25 1.903e-11 28.75 6.516e-09
32.25 6.464e-10 35.75 9.186e-10 39.25 3.729e-09 42.75 3.616e-09
46.25 5.041e-09 49.75 1.422e-09 53.25 1.289e-09 56.75 7.566e-10
60.25 6.587e-10 63.75 1.004e-09 67.25 6.579e-10 70.75 4.064e-10
74.25 5.067e-10 77.75 5.916e-10 81.25 4.076e-10 84.75 3.487e-10
88.25 2.319e-10 91.75 2.534e-10 95.25 5.384e-10 98.75 3.206e-10
102.25 3.048e-10 105.75 6.936e-11 109.25 1.905e-10 112.75 1.007e-10
116.25 1.040e-10
105.000000
4.25 1.372e-10 7.75 2.125e-10 11.25 1.758e-08 14.75 7.384e-12
18.25 2.905e-08 21.75 5.359e-09 25.25 1.528e-11 28.75 5.618e-09
32.25 5.858e-10 35.75 8.648e-10 39.25 3.285e-09 42.75 3.109e-09
46.25 4.339e-09 49.75 1.272e-09 53.25 1.157e-09 56.75 6.407e-10
60.25 5.747e-10 63.75 8.985e-10 67.25 5.820e-10 70.75 3.494e-10
74.25 4.434e-10 77.75 5.089e-10 81.25 3.480e-10 84.75 2.995e-10
88.25 1.824e-10 91.75 2.222e-10 95.25 4.213e-10 98.75 2.855e-10
102.25 2.361e-10 105.75 5.227e-11 109.25 1.605e-10 112.75 9.112e-11
116.25 8.119e-11
115.000000
4.25 1.082e-10 7.75 1.918e-10 11.25 1.690e-08 14.75 8.123e-12
18.25 2.918e-08 21.75 4.503e-09 25.25 1.190e-11 28.75 4.774e-09
32.25 5.297e-10 35.75 7.942e-10 39.25 2.848e-09 42.75 2.637e-09
46.25 3.679e-09 49.75 1.109e-09 53.25 1.017e-09 56.75 5.381e-10
60.25 4.879e-10 63.75 7.813e-10 67.25 5.007e-10 70.75 2.929e-10
74.25 3.771e-10 77.75 4.215e-10 81.25 2.889e-10 84.75 2.514e-10
88.25 1.412e-10 91.75 1.886e-10 95.25 3.214e-10 98.75 2.454e-10
102.25 1.772e-10 105.75 3.859e-11 109.25 1.323e-10 112.75 7.950e-11
116.25 6.239e-11
125.000000
4.25 8.333e-11 7.75 1.709e-10 11.25 1.579e-08 14.75 8.357e-12
18.25 2.846e-08 21.75 3.737e-09 25.25 8.853e-12 28.75 4.002e-09
32.25 4.775e-10 35.75 7.122e-10 39.25 2.427e-09 42.75 2.207e-09
46.25 3.072e-09 49.75 9.445e-10 53.25 8.757e-10 56.75 4.499e-10
60.25 4.037e-10 63.75 6.609e-10 67.25 4.185e-10 70.75 2.397e-10
74.25 3.115e-10 77.75 3.371e-10 81.25 2.328e-10 84.75 2.063e-10
88.25 1.085e-10 91.75 1.545e-10 95.25 2.401e-10 98.75 2.033e-10
102.25 1.288e-10 105.75 2.817e-11 109.25 1.069e-10 112.75 6.699e-11
116.25 4.749e-11
135.000000
4.25 6.252e-11 7.75 1.502e-10 11.25 1.440e-08 14.75 8.300e-12
18.25 2.702e-08 21.75 3.067e-09 25.25 6.132e-12 28.75 3.311e-09
32.25 4.288e-10 35.75 6.249e-10 39.25 2.033e-09 42.75 1.825e-09
46.25 2.525e-09 49.75 7.870e-10 53.25 7.402e-10 56.75 3.760e-10
60.25 3.265e-10 63.75 5.446e-10 67.25 3.395e-10 70.75 1.919e-10
74.25 2.503e-10 77.75 2.617e-10 81.25 1.814e-10 84.75 1.658e-10
88.25 8.385e-11 91.75 1.216e-10 95.25 1.770e-10 98.75 1.622e-10
102.25 9.076e-11 105.75 2.062e-11 109.25 8.510e-11 112.75 5.467e-11
116.25 3.602e-11
145.000000
4.25 4.560e-11 7.75 1.302e-10 11.25 1.285e-08 14.75 8.089e-12
18.25 2.503e-08 21.75 2.491e-09 25.25 3.770e-12 28.75 2.706e-09
32.25 3.835e-10 35.75 5.377e-10 39.25 1.675e-09 42.75 1.493e-09
46.25 2.042e-09 49.75 6.432e-10 53.25 6.153e-10 56.75 3.152e-10
60.25 2.594e-10 63.75 4.376e-10 67.25 2.672e-10 70.75 1.509e-10
74.25 1.961e-10 77.75 1.990e-10 81.25 1.362e-10 84.75 1.310e-10
88.25 6.612e-11 91.75 9.149e-11 95.25 1.302e-10 98.75 1.245e-10
102.25 6.224e-11 105.75 1.539e-11 109.25 6.706e-11 112.75 4.333e-11
116.25 2.736e-11
155.000000
4.25 3.220e-11 7.75 1.115e-10 11.25 1.126e-08 14.75 7.779e-12
18.25 2.266e-08 21.75 2.003e-09 25.25 1.829e-12 28.75 2.188e-09
32.25 3.416e-10 35.75 4.552e-10 39.25 1.357e-09 42.75 1.209e-09
46.25 1.624e-09 49.75 5.176e-10 53.25 5.045e-10 56.75 2.658e-10
60.25 2.040e-10 63.75 3.433e-10 67.25 2.044e-10 70.75 1.173e-10
74.25 1.504e-10 77.75 1.502e-10 81.25 9.826e-11 84.75 1.020e-10
88.25 5.384e-11 91.75 6.513e-11 95.25 9.696e-11 98.75 9.171e-11
102.25 4.206e-11 105.75 1.191e-11 109.25 5.260e-11 112.75 3.345e-11
116.25 2.091e-11
165.000000
4.25 2.190e-11 7.75 9.431e-11 11.25 9.706e-09 14.75 7.372e-12
18.25 2.007e-08 21.75 1.596e-09 25.25 3.677e-13 28.75 1.751e-09
32.25 3.035e-10 35.75 3.809e-10 39.25 1.082e-09 42.75 9.704e-10
46.25 1.270e-09 49.75 4.118e-10 53.25 4.101e-10 56.75 2.257e-10
60.25 1.605e-10 63.75 2.634e-10 67.25 1.530e-10 70.75 9.092e-11
74.25 1.142e-10 77.75 1.147e-10 81.25 6.801e-11 84.75 7.880e-11
88.25 4.549e-11 91.75 4.343e-11 95.25 7.402e-11 98.75 6.493e-11
102.25 2.891e-11 105.75 9.669e-12 109.25 4.114e-11 112.75 2.517e-11
116.25 1.617e-11
175.000000
4.25 1.422e-11 7.75 7.874e-11 11.25 8.238e-09 14.75 6.841e-12
18.25 1.743e-08 21.75 1.259e-09 25.25 6.060e-13 28.75 1.389e-09
32.25 2.691e-10 35.75 3.168e-10 39.25 8.502e-10 42.75 7.734e-10
46.25 9.780e-10 49.75 3.255e-10 53.25 3.324e-10 56.75 1.925e-10
60.25 1.281e-10 63.75 1.984e-10 67.25 1.135e-10 70.75 7.123e-11
74.25 8.730e-11 77.75 9.010e-11 81.25 4.560e-11 84.75 6.072e-11
88.25 3.981e-11 91.75 2.692e-11 95.25 5.848e-11 98.75 4.434e-11
102.25 2.148e-11 105.75 8.250e-12 109.25 3.193e-11 112.75 1.848e-11
116.25 1.279e-11
185.000000
4.25 8.671e-12 7.75 6.488e-11 11.25 6.886e-09 14.75 6.168e-12
18.25 1.485e-08 21.75 9.819e-10 25.25 1.089e-12 28.75 1.092e-09
32.25 2.382e-10 35.75 2.636e-10 39.25 6.601e-10 42.75 6.128e-10
46.25 7.429e-10 49.75 2.569e-10 53.25 2.703e-10 56.75 1.646e-10
60.25 1.051e-10 63.75 1.476e-10 67.25 8.541e-11 70.75 5.724e-11
74.25 6.895e-11 77.75 7.388e-11 81.25 3.062e-11 84.75 4.703e-11
88.25 3.585e-11 91.75 1.568e-11 95.25 4.791e-11 98.75 2.964e-11
102.25 1.845e-11 105.75 7.360e-12 109.25 2.427e-11 112.75 1.324e-11
116.25 1.054e-11
195.000000
4.25 4.822e-12 7.75 5.271e-11 11.25 5.663e-09 14.75 5.359e-12
18.25 1.242e-08 21.75 7.569e-10 25.25 1.206e-12 28.75 8.525e-10
32.25 2.105e-10 35.75 2.208e-10 39.25 5.075e-10 42.75 4.832e-10
46.25 5.589e-10 49.75 2.033e-10 53.25 2.220e-10 56.75 1.406e-10
60.25 8.934e-11 63.75 1.099e-10 67.25 6.744e-11 70.75 4.781e-11
74.25 5.770e-11 77.75 6.339e-11 81.25 2.212e-11 84.75 3.692e-11
88.25 3.297e-11 91.75 9.357e-12 95.25 4.053e-11 98.75 2.011e-11
102.25 1.850e-11 105.75 6.798e-12 109.25 1.772e-11 112.75 9.328e-12
116.25 9.216e-12
205.000000
4.25 2.271e-12 7.75 4.219e-11 11.25 4.577e-09 14.75 4.449e-12
18.25 1.021e-08 21.75 5.754e-10 25.25 1.064e-12 28.75 6.610e-10
32.25 1.856e-10 35.75 1.872e-10 39.25 3.875e-10 42.75 3.797e-10
46.25 4.189e-10 49.75 1.621e-10 53.25 1.848e-10 56.75 1.195e-10
60.25 7.877e-11 63.75 8.328e-11 67.25 5.752e-11 70.75 4.175e-11
74.25 5.172e-11 77.75 5.647e-11 81.25 1.873e-11 84.75 2.965e-11
88.25 3.077e-11 91.75 7.122e-12 95.25 3.515e-11 98.75 1.483e-11
102.25 2.037e-11 105.75 6.437e-12 109.25 1.211e-11 112.75 6.598e-12
116.25 8.645e-12
215.000000
4.25 7.270e-13 7.75 3.322e-11 11.25 3.628e-09 14.75 3.491e-12
18.25 8.246e-09 21.75 4.305e-10 25.25 7.866e-13 28.75 5.095e-10
32.25 1.630e-10 35.75 1.613e-10 39.25 2.951e-10 42.75 2.977e-10
46.25 3.150e-10 49.75 1.306e-10 53.25 1.562e-10 56.75 1.010e-10
60.25 7.140e-11 63.75 6.569e-11 67.25 5.329e-11 70.75 3.798e-11
74.25 4.909e-11 77.75 5.157e-11 81.25 1.882e-11 84.75 2.454e-11
88.25 2.898e-11 91.75 7.875e-12 95.25 3.106e-11 98.75 1.273e-11
102.25 2.292e-11 105.75 6.190e-12 109.25 7.499e-12 112.75 4.922e-12
116.25 8.615e-12
225.000000
4.25 2.334e-13 7.75 2.568e-11 11.25 2.814e-09 14.75 2.552e-12
18.25 6.544e-09 21.75 3.163e-10 25.25 4.783e-13 28.75 3.908e-10
32.25 1.426e-10 35.75 1.412e-10 39.25 2.251e-10 42.75 2.333e-10
46.25 2.396e-10 49.75 1.065e-10 53.25 1.339e-10 56.75 8.499e-11
60.25 6.564e-11 63.75 5.489e-11 67.25 5.245e-11 70.75 3.558e-11
74.25 4.804e-11 77.75 4.771e-11 81.25 2.079e-11 84.75 2.104e-11
88.25 2.741e-11 91.75 1.041e-11 95.25 2.786e-11 98.75 1.280e-11
102.25 2.519e-11 105.75 5.994e-12 109.25 4.062e-12 112.75 4.148e-12
116.25 8.903e-12
235.000000
4.25 6.869e-13 7.75 1.945e-11 11.25 2.132e-09 14.75 1.694e-12
18.25 5.104e-09 21.75 2.276e-10 25.25 2.097e-13 28.75 2.987e-10
32.25 1.244e-10 35.75 1.255e-10 39.25 1.727e-10 42.75 1.831e-10
46.25 1.853e-10 49.75 8.800e-11 53.25 1.158e-10 56.75 7.140e-11
60.25 6.036e-11 63.75 4.875e-11 67.25 5.298e-11 70.75 3.383e-11
74.25 4.716e-11 77.75 4.430e-11 81.25 2.321e-11 84.75 1.868e-11
88.25 2.587e-11 91.75 1.358e-11 95.25 2.531e-11 98.75 1.409e-11
102.25 2.651e-11 105.75 5.803e-12 109.25 1.938e-12 112.75 4.096e-12
116.25 9.284e-12
245.000000
4.25 8.495e-13 7.75 1.440e-11 11.25 1.573e-09 14.75 9.650e-13
18.25 3.910e-09 21.75 1.600e-10 25.25 2.863e-14 28.75 2.279e-10
32.25 1.082e-10 35.75 1.126e-10 39.25 1.340e-10 42.75 1.443e-10
46.25 1.461e-10 49.75 7.368e-11 53.25 1.006e-10 56.75 6.019e-11
60.25 5.487e-11 63.75 4.541e-11 67.25 5.339e-11 70.75 3.224e-11
74.25 4.547e-11 77.75 4.107e-11 81.25 2.500e-11 84.75 1.710e-11
88.25 2.423e-11 91.75 1.647e-11 95.25 2.327e-11 98.75 1.581e-11
102.25 2.651e-11 105.75 5.579e-12 109.25 1.146e-12 112.75 4.552e-12
116.25 9.568e-12
255.000000
4.25 8.374e-13 7.75 1.047e-11 11.25 1.138e-09 14.75 4.100e-13
18.25 2.958e-09 21.75 1.106e-10 25.25 9.917e-14 28.75 1.750e-10
32.25 9.418e-11 35.75 1.016e-10 39.25 1.060e-10 42.75 1.149e-10
46.25 1.175e-10 49.75 6.262e-11 53.25 8.759e-11 56.75 5.137e-11
60.25 4.888e-11 63.75 4.338e-11 67.25 5.260e-11 70.75 3.047e-11
74.25 4.245e-11 77.75 3.792e-11 81.25 2.542e-11 84.75 1.599e-11
88.25 2.239e-11 91.75 1.836e-11 95.25 2.162e-11 98.75 1.732e-11
102.25 2.504e-11 105.75 5.298e-12 109.25 1.593e-12 112.75 5.285e-12
116.25 9.594e-12
265.000000
4.25 7.466e-13 7.75 7.482e-12 11.25 8.091e-10 14.75 1.046e-13
18.25 2.214e-09 21.75 7.537e-11 25.25 1.481e-13 28.75 1.355e-10
32.25 8.213e-11 35.75 9.169e-11 39.25 8.552e-11 42.75 9.267e-11
46.25 9.563e-11 49.75 5.390e-11 53.25 7.617e-11 56.75 4.456e-11
60.25 4.256e-11 63.75 4.144e-11 67.25 5.028e-11 70.75 2.841e-11
74.25 3.825e-11 77.75 3.479e-11 81.25 2.435e-11 84.75 1.510e-11
88.25 2.035e-11 91.75 1.899e-11 95.25 2.020e-11 98.75 1.817e-11
102.25 2.245e-11 105.75 4.956e-12 109.25 2.828e-12 112.75 6.015e-12
116.25 9.309e-12
275.000000
4.25 6.306e-13 7.75 5.215e-12 11.25 5.629e-10 14.75 1.924e-13
18.25 1.631e-09 21.75 5.003e-11 25.25 1.668e-13 28.75 1.053e-10
32.25 7.156e-11 35.75 8.229e-11 39.25 6.993e-11 42.75 7.530e-11
46.25 7.790e-11 49.75 4.674e-11 53.25 6.604e-11 56.75 3.915e-11
60.25 3.634e-11 63.75 3.912e-11 67.25 4.680e-11 70.75 2.611e-11
74.25 3.347e-11 77.75 3.168e-11 81.25 2.223e-11 84.75 1.426e-11
88.25 1.821e-11 91.75 1.857e-11 95.25 1.886e-11 98.75 1.830e-11
102.25 1.931e-11 105.75 4.575e-12 109.25 4.307e-12 112.75 6.569e-12
116.25 8.778e-12
285.000000
4.25 5.128e-13 7.75 3.538e-12 11.25 3.837e-10 14.75 3.015e-13
18.25 1.182e-09 21.75 3.225e-11 25.25 1.657e-13 28.75 8.218e-11
32.25 6.208e-11 35.75 7.325e-11 39.25 5.781e-11 42.75 6.163e-11
46.25 6.337e-11 49.75 4.076e-11 53.25 5.712e-11 56.75 3.476e-11
60.25 3.055e-11 63.75 3.631e-11 67.25 4.257e-11 70.75 2.365e-11
74.25 2.864e-11 77.75 2.860e-11 81.25 1.950e-11 84.75 1.339e-11
88.25 1.612e-11 91.75 1.739e-11 95.25 1.751e-11 98.75 1.774e-11
102.25 1.607e-11 105.75 4.178e-12 109.25 5.650e-12 112.75 6.864e-12
116.25 8.083e-12
295.000000
4.25 4.053e-13 7.75 2.333e-12 11.25 2.571e-10 14.75 3.236e-13
18.25 8.422e-10 21.75 2.012e-11 25.25 1.510e-13 28.75 6.450e-11
32.25 5.341e-11 35.75 6.450e-11 39.25 4.816e-11 42.75 5.078e-11
46.25 5.150e-11 49.75 3.567e-11 53.25 4.934e-11 56.75 3.104e-11
60.25 2.547e-11 63.75 3.310e-11 67.25 3.803e-11 70.75 2.112e-11
74.25 2.421e-11 77.75 2.557e-11 81.25 1.659e-11 84.75 1.248e-11
88.25 1.419e-11 91.75 1.576e-11 95.25 1.611e-11 98.75 1.663e-11
102.25 1.306e-11 105.75 3.789e-12 109.25 6.590e-12 112.75 6.877e-12
116.25 7.311e-12
305.000000
4.25 3.131e-13 7.75 1.493e-12 11.25 1.704e-10 14.75 2.893e-13
18.25 5.895e-10 21.75 1.209e-11 25.25 1.243e-13 28.75 5.089e-11
32.25 4.532e-11 35.75 5.609e-11 39.25 4.023e-11 42.75 4.203e-11
46.25 4.194e-11 49.75 3.125e-11 53.25 4.260e-11 56.75 2.775e-11
60.25 2.127e-11 63.75 2.965e-11 67.25 3.355e-11 70.75 1.864e-11
74.25 2.050e-11 77.75 2.264e-11 81.25 1.385e-11 84.75 1.152e-11
88.25 1.252e-11 91.75 1.394e-11 95.25 1.464e-11 98.75 1.515e-11
102.25 1.054e-11 105.75 3.427e-12 109.25 6.991e-12 112.75 6.632e-12
116.25 6.543e-12
315.000000
4.25 2.371e-13 7.75 9.293e-13 11.25 1.126e-10 14.75 2.256e-13
18.25 4.053e-10 21.75 6.952e-12 25.25 8.527e-14 28.75 4.032e-11
32.25 3.772e-11 35.75 4.811e-11 39.25 3.356e-11 42.75 3.487e-11
46.25 3.440e-11 49.75 2.735e-11 53.25 3.681e-11 56.75 2.472e-11
60.25 1.799e-11 63.75 2.617e-11 67.25 2.942e-11 70.75 1.629e-11
74.25 1.764e-11 77.75 1.984e-11 81.25 1.150e-11 84.75 1.053e-11
88.25 1.117e-11 91.75 1.217e-11 95.25 1.313e-11 98.75 1.347e-11
102.25 8.615e-12 105.75 3.104e-12 109.25 6.846e-12 112.75 6.190e-12
116.25 5.837e-12
325.000000
4.25 1.761e-13 7.75 5.647e-13 11.25 7.483e-11 14.75 1.536e-13
18.25 2.736e-10 21.75 3.783e-12 25.25 3.588e-14 28.75 3.203e-11
32.25 3.066e-11 35.75 4.069e-11 39.25 2.781e-11 42.75 2.895e-11
46.25 2.857e-11 49.75 2.386e-11 53.25 3.184e-11 56.75 2.188e-11
60.25 1.554e-11 63.75 2.283e-11 67.25 2.578e-11 70.75 1.414e-11
74.25 1.561e-11 77.75 1.723e-11 81.25 9.657e-12 84.75 9.557e-12
88.25 1.013e-11 91.75 1.060e-11 95.25 1.163e-11 98.75 1.177e-11
102.25 7.268e-12 105.75 2.825e-12 109.25 6.257e-12 112.75 5.624e-12
116.25 5.226e-12
335.000000
4.25 1.294e-13 7.75 3.502e-13 11.25 5.151e-11 14.75 8.979e-14
18.25 1.853e-10 21.75 2.012e-12 25.25 2.969e-14 28.75 2.563e-11
32.25 2.441e-11 35.75 3.410e-11 39.25 2.294e-11 42.75 2.414e-11
46.25 2.422e-11 49.75 2.077e-11 53.25 2.764e-11 56.75 1.924e-11
60.25 1.382e-11 63.75 1.982e-11 67.25 2.270e-11 70.75 1.228e-11
74.25 1.428e-11 77.75 1.489e-11 81.25 8.340e-12 84.75 8.624e-12
88.25 9.371e-12 91.75 9.303e-12 95.25 1.021e-11 98.75 1.020e-11
102.25 6.435e-12 105.75 2.586e-12 109.25 5.388e-12 112.75 5.011e-12
116.25 4.724e-12
345.000000
4.25 9.310e-14 7.75 2.171e-13 11.25 3.585e-11 14.75 4.045e-14
18.25 1.235e-10 21.75 9.698e-13 25.25 7.390e-14 28.75 2.046e-11
32.25 1.908e-11 35.75 2.834e-11 39.25 1.874e-11 42.75 2.012e-11
46.25 2.074e-11 49.75 1.800e-11 53.25 2.400e-11 56.75 1.682e-11
60.25 1.249e-11 63.75 1.715e-11 67.25 2.003e-11 70.75 1.070e-11
74.25 1.329e-11 77.75 1.283e-11 81.25 7.355e-12 84.75 7.753e-12
88.25 8.750e-12 91.75 8.234e-12 95.25 8.907e-12 98.75 8.818e-12
102.25 5.870e-12 105.75 2.371e-12 109.25 4.480e-12 112.75 4.418e-12
116.25 4.297e-12
355.000000
4.25 6.514e-14 7.75 1.357e-13 11.25 2.513e-11 14.75 1.367e-14
18.25 8.081e-11 21.75 3.802e-13 25.25 1.142e-13 28.75 1.623e-11
32.25 1.474e-11 35.75 2.344e-11 39.25 1.517e-11 42.75 1.676e-11
46.25 1.781e-11 49.75 1.553e-11 53.25 2.081e-11 56.75 1.463e-11
60.25 1.136e-11 63.75 1.481e-11 67.25 1.766e-11 70.75 9.379e-12
74.25 1.244e-11 77.75 1.102e-11 81.25 6.574e-12 84.75 6.948e-12
88.25 8.180e-12 91.75 7.337e-12 95.25 7.755e-12 98.75 7.626e-12
102.25 5.434e-12 105.75 2.169e-12 109.25 3.653e-12 112.75 3.870e-12
116.25 3.918e-12
365.000000
4.25 4.412e-14 7.75 8.686e-14 11.25 1.771e-11 14.75 1.493e-14
18.25 5.186e-11 21.75 1.105e-13 25.25 1.372e-13 28.75 1.279e-11
32.25 1.138e-11 35.75 1.935e-11 39.25 1.220e-11 42.75 1.398e-11
46.25 1.525e-11 49.75 1.333e-11 53.25 1.801e-11 56.75 1.269e-11
60.25 1.031e-11 63.75 1.278e-11 67.25 1.554e-11 70.75 8.283e-12
74.25 1.157e-11 77.75 9.467e-12 81.25 5.901e-12 84.75 6.208e-12
88.25 7.606e-12 91.75 6.565e-12 95.25 6.758e-12 98.75 6.616e-12
102.25 5.036e-12 105.75 1.973e-12 109.25 2.972e-12 112.75 3.380e-12
116.25 3.569e-12
375.000000
4.25 2.877e-14 7.75 5.755e-14 11.25 1.251e-11 14.75 2.522e-14
18.25 3.264e-11 21.75 7.138e-14 25.25 1.413e-13 28.75 9.979e-12
32.25 8.922e-12 35.75 1.600e-11 39.25 9.775e-12 42.75 1.169e-11
46.25 1.294e-11 49.75 1.139e-11 53.25 1.554e-11 56.75 1.099e-11
60.25 9.268e-12 63.75 1.102e-11 67.25 1.359e-11 70.75 7.376e-12
74.25 1.064e-11 77.75 8.131e-12 81.25 5.276e-12 84.75 5.531e-12
88.25 6.995e-12 91.75 5.879e-12 95.25 5.911e-12 98.75 5.766e-12
102.25 4.623e-12 105.75 1.780e-12 109.25 2.459e-12 112.75 2.949e-12
116.25 3.238e-12
385.000000
4.25 1.795e-14 7.75 3.953e-14 11.25 8.833e-12 14.75 2.795e-14
18.25 2.015e-11 21.75 1.216e-13 25.25 1.282e-13 28.75 7.706e-12
32.25 7.206e-12 35.75 1.329e-11 39.25 7.835e-12 42.75 9.799e-12
46.25 1.083e-11 49.75 9.685e-12 53.25 1.337e-11 56.75 9.500e-12
60.25 8.208e-12 63.75 9.500e-12 67.25 1.179e-11 70.75 6.615e-12
74.25 9.610e-12 77.75 6.986e-12 81.25 4.668e-12 84.75 4.911e-12
88.25 6.345e-12 91.75 5.253e-12 95.25 5.198e-12 98.75 5.047e-12
102.25 4.177e-12 105.75 1.591e-12 109.25 2.097e-12 112.75 2.574e-12
116.25 2.919e-12
395.000000
4.25 1.062e-14 7.75 2.787e-14 11.25 6.231e-12 14.75 2.604e-14
18.25 1.221e-11 21.75 1.246e-13 25.25 1.028e-13 28.75 5.882e-12
32.25 6.034e-12 35.75 1.109e-11 39.25 6.302e-12 42.75 8.234e-12
46.25 8.920e-12 49.75 8.192e-12 53.25 1.146e-11 56.75 8.202e-12
60.25 7.142e-12 63.75 8.181e-12 67.25 1.014e-11 70.75 5.957e-12
74.25 8.524e-12 77.75 6.003e-12 81.25 4.074e-12 84.75 4.344e-12
88.25 5.672e-12 91.75 4.673e-12 95.25 4.598e-12 98.75 4.431e-12
102.25 3.708e-12 105.75 1.409e-12 109.25 1.849e-12 112.75 2.248e-12
116.25 2.614e-12
405.000000
4.25 5.893e-15 7.75 1.985e-14 11.25 4.398e-12 14.75 2.183e-14
18.25 7.266e-12 21.75 1.069e-13 25.25 7.155e-14 28.75 4.433e-12
32.25 5.207e-12 35.75 9.281e-12 39.25 5.094e-12 42.75 6.926e-12
46.25 7.230e-12 49.75 6.886e-12 53.25 9.762e-12 56.75 7.067e-12
60.25 6.103e-12 63.75 7.034e-12 67.25 8.650e-12 70.75 5.366e-12
74.25 7.433e-12 77.75 5.157e-12 81.25 3.509e-12 84.75 3.828e-12
88.25 5.004e-12 91.75 4.136e-12 95.25 4.091e-12 98.75 3.897e-12
102.25 3.241e-12 105.75 1.239e-12 109.25 1.673e-12 112.75 1.966e-12
116.25 2.326e-12
415.000000
4.25 3.016e-15 7.75 1.405e-14 11.25 3.113e-12 14.75 1.696e-14
18.25 4.254e-12 21.75 8.293e-14 25.25 4.058e-14 28.75 3.299e-12
32.25 4.557e-12 35.75 7.750e-12 39.25 4.136e-12 42.75 5.818e-12
46.25 5.780e-12 49.75 5.745e-12 53.25 8.263e-12 56.75 6.069e-12
60.25 5.131e-12 63.75 6.034e-12 67.25 7.319e-12 70.75 4.815e-12
74.25 6.393e-12 77.75 4.427e-12 81.25 2.992e-12 84.75 3.358e-12
88.25 4.369e-12 91.75 3.643e-12 95.25 3.653e-12 98.75 3.428e-12
102.25 2.800e-12 105.75 1.083e-12 109.25 1.532e-12 112.75 1.723e-12
116.25 2.060e-12
425.000000
4.25 1.380e-15 7.75 9.749e-15 11.25 2.214e-12 14.75 1.241e-14
18.25 2.456e-12 21.75 5.987e-14 25.25 1.509e-14 28.75 2.423e-12
32.25 3.968e-12 35.75 6.425e-12 39.25 3.361e-12 42.75 4.867e-12
46.25 4.578e-12 49.75 4.752e-12 53.25 6.937e-12 56.75 5.190e-12
60.25 4.259e-12 63.75 5.160e-12 67.25 6.155e-12 70.75 4.291e-12
74.25 5.448e-12 77.75 3.796e-12 81.25 2.537e-12 84.75 2.935e-12
88.25 3.789e-12 91.75 3.196e-12 95.25 3.269e-12 98.75 3.011e-12
102.25 2.405e-12 105.75 9.449e-13 109.25 1.400e-12 112.75 1.513e-12
116.25 1.818e-12
435.000000
4.25 5.246e-16 7.75 6.575e-15 11.25 1.581e-12 14.75 8.632e-15
18.25 1.403e-12 21.75 4.056e-14 25.25 3.498e-15 28.75 1.757e-12
32.25 3.384e-12 35.75 5.261e-12 39.25 2.721e-12 42.75 4.045e-12
46.25 3.610e-12 49.75 3.892e-12 53.25 5.768e-12 56.75 4.416e-12
60.25 3.504e-12 63.75 4.394e-12 67.25 5.152e-12 70.75 3.786e-12
74.25 4.618e-12 77.75 3.251e-12 81.25 2.150e-12 84.75 2.554e-12
88.25 3.275e-12 91.75 2.794e-12 95.25 2.923e-12 98.75 2.637e-12
102.25 2.064e-12 105.75 8.243e-13 109.25 1.268e-12 112.75 1.331e-12
116.25 1.601e-12
445.000000
4.25 1.285e-16 7.75 4.281e-15 11.25 1.130e-12 14.75 5.750e-15
18.25 7.967e-13 21.75 2.559e-14 25.25 1.375e-14 28.75 1.259e-12
32.25 2.794e-12 35.75 4.235e-12 39.25 2.185e-12 42.75 3.332e-12
46.25 2.849e-12 49.75 3.155e-12 53.25 4.744e-12 56.75 3.738e-12
60.25 2.870e-12 63.75 3.722e-12 67.25 4.299e-12 70.75 3.302e-12
74.25 3.908e-12 77.75 2.780e-12 81.25 1.828e-12 84.75 2.214e-12
88.25 2.827e-12 91.75 2.435e-12 95.25 2.606e-12 98.75 2.301e-12
102.25 1.776e-12 105.75 7.200e-13 109.25 1.131e-12 112.75 1.173e-12
116.25 1.407e-12
455.000000
4.25 2.339e-17 7.75 2.677e-15 11.25 8.050e-13 14.75 3.685e-15
18.25 4.521e-13 21.75 1.453e-14 25.25 1.727e-14 28.75 8.923e-13
32.25 2.218e-12 35.75 3.342e-12 39.25 1.734e-12 42.75 2.719e-12
46.25 2.259e-12 49.75 2.532e-12 53.25 3.858e-12 56.75 3.145e-12
60.25 2.349e-12 63.75 3.133e-12 67.25 3.577e-12 70.75 2.846e-12
74.25 3.307e-12 77.75 2.372e-12 81.25 1.562e-12 84.75 1.910e-12
88.25 2.438e-12 91.75 2.114e-12 95.25 2.309e-12 98.75 1.996e-12
102.25 1.533e-12 105.75 6.294e-13 109.25 9.952e-13 112.75 1.033e-12
116.25 1.232e-12
465.000000
4.25 5.737e-17 7.75 1.599e-15 11.25 5.670e-13 14.75 2.279e-15
18.25 2.581e-13 21.75 6.620e-15 25.25 1.609e-14 28.75 6.260e-13
32.25 1.683e-12 35.75 2.579e-12 39.25 1.356e-12 42.75 2.195e-12
46.25 1.801e-12 49.75 2.013e-12 53.25 3.101e-12 56.75 2.632e-12
60.25 1.925e-12 63.75 2.617e-12 67.25 2.967e-12 70.75 2.422e-12
74.25 2.797e-12 77.75 2.017e-12 81.25 1.339e-12 84.75 1.638e-12
88.25 2.098e-12 91.75 1.827e-12 95.25 2.029e-12 98.75 1.719e-12
102.25 1.324e-12 105.75 5.497e-13 109.25 8.637e-13 112.75 9.077e-13
116.25 1.073e-12
475.000000
4.25 4.542e-17 7.75 9.050e-16 11.25 3.922e-13 14.75 1.364e-15
18.25 1.491e-13 21.75 1.688e-15 25.25 1.228e-14 28.75 4.355e-13
32.25 1.217e-12 35.75 1.945e-12 39.25 1.044e-12 42.75 1.755e-12
46.25 1.445e-12 49.75 1.585e-12 53.25 2.463e-12 56.75 2.188e-12
60.25 1.580e-12 63.75 2.168e-12 67.25 2.450e-12 70.75 2.036e-12
74.25 2.359e-12 77.75 1.707e-12 81.25 1.149e-12 84.75 1.396e-12
88.25 1.796e-12 91.75 1.567e-12 95.25 1.763e-12 98.75 1.467e-12
102.25 1.141e-12 105.75 4.783e-13 109.25 7.409e-13 112.75 7.922e-13
116.25 9.262e-13
485.000000
4.25 2.254e-17 7.75 4.782e-16 11.25 2.645e-13 14.75 7.901e-16
18.25 8.763e-14 21.75 2.612e-15 25.25 7.587e-15 28.75 3.010e-13
32.25 8.334e-13 35.75 1.434e-12 39.25 7.917e-13 42.75 1.389e-12
46.25 1.162e-12 49.75 1.239e-12 53.25 1.934e-12 56.75 1.806e-12
60.25 1.296e-12 63.75 1.778e-12 67.25 2.011e-12 70.75 1.690e-12
74.25 1.980e-12 77.75 1.434e-12 81.25 9.825e-13 84.75 1.179e-12
88.25 1.526e-12 91.75 1.332e-12 95.25 1.513e-12 98.75 1.238e-12
102.25 9.763e-13 105.75 4.132e-13 109.25 6.291e-13 112.75 6.847e-13
116.25 7.908e-13
495.000000
4.25 6.866e-18 7.75 2.290e-16 11.25 1.726e-13 14.75 4.426e-16
18.25 5.251e-14 21.75 4.986e-15 25.25 3.158e-15 28.75 2.071e-13
32.25 5.365e-13 35.75 1.033e-12 39.25 5.916e-13 42.75 1.089e-12
46.25 9.339e-13 49.75 9.608e-13 53.25 1.500e-12 56.75 1.478e-12
60.25 1.060e-12 63.75 1.441e-12 67.25 1.636e-12 70.75 1.385e-12
74.25 1.647e-12 77.75 1.194e-12 81.25 8.331e-13 84.75 9.847e-13
88.25 1.282e-12 91.75 1.118e-12 95.25 1.278e-12 98.75 1.031e-12
102.25 8.264e-13 105.75 3.533e-13 109.25 5.290e-13 112.75 5.843e-13
116.25 6.659e-13
505.000000
4.25 9.023e-18 7.75 9.215e-17 11.25 1.079e-13 14.75 2.388e-16
18.25 3.202e-14 21.75 6.345e-15 25.25 1.286e-15 28.75 1.421e-13
32.25 3.197e-13 35.75 7.287e-13 39.25 4.362e-13 42.75 8.457e-13
46.25 7.468e-13 49.75 7.395e-13 53.25 1.150e-12 56.75 1.197e-12
60.25 8.618e-13 63.75 1.153e-12 67.25 1.316e-12 70.75 1.120e-12
74.25 1.353e-12 77.75 9.817e-13 81.25 6.976e-13 84.75 8.121e-13
88.25 1.061e-12 91.75 9.249e-13 95.25 1.060e-12 98.75 8.450e-13
102.25 6.893e-13 105.75 2.980e-13 109.25 4.402e-13 112.75 4.907e-13
116.25 5.516e-13
515.000000
4.25 1.448e-17 7.75 2.289e-17 11.25 6.372e-14 14.75 1.229e-16
18.25 1.975e-14 21.75 6.939e-15 25.25 2.823e-15 28.75 9.729e-14
32.25 1.706e-13 35.75 5.026e-13 39.25 3.177e-13 42.75 6.497e-13
46.25 5.914e-13 49.75 5.641e-13 53.25 8.700e-13 56.75 9.563e-13
60.25 6.928e-13 63.75 9.086e-13 67.25 1.044e-12 70.75 8.914e-13
74.25 1.094e-12 77.75 7.950e-13 81.25 5.747e-13 84.75 6.593e-13
88.25 8.634e-13 91.75 7.520e-13 95.25 8.628e-13 98.75 6.805e-13
102.25 5.644e-13 105.75 2.472e-13 109.25 3.618e-13 112.75 4.044e-13
116.25 4.483e-13
525.000000
4.25 1.506e-17 7.75 6.006e-18 11.25 3.561e-14 14.75 6.183e-17
18.25 1.245e-14 21.75 6.923e-15 25.25 4.144e-15 28.75 6.737e-14
32.25 7.857e-14 35.75 3.433e-13 39.25 2.307e-13 42.75 4.957e-13
46.25 4.638e-13 49.75 4.283e-13 53.25 6.524e-13 56.75 7.545e-13
60.25 5.505e-13 63.75 7.064e-13 67.25 8.167e-13 70.75 7.000e-13
74.25 8.701e-13 77.75 6.339e-13 81.25 4.651e-13 84.75 5.272e-13
88.25 6.898e-13 91.75 6.009e-13 95.25 6.885e-13 98.75 5.386e-13
102.25 4.535e-13 105.75 2.015e-13 109.25 2.937e-13 112.75 3.269e-13
116.25 3.576e-13
535.000000
4.25 1.309e-17 7.75 1.484e-17 11.25 1.858e-14 14.75 3.068e-17
18.25 7.972e-15 21.75 6.486e-15 25.25 4.583e-15 28.75 4.728e-14
32.25 2.684e-14 35.75 2.335e-13 39.25 1.675e-13 42.75 3.753e-13
46.25 3.590e-13 49.75 3.232e-13 53.25 4.849e-13 56.75 5.868e-13
60.25 4.311e-13 63.75 5.412e-13 67.25 6.293e-13 70.75 5.419e-13
74.25 6.798e-13 77.75 4.970e-13 81.25 3.690e-13 84.75 4.144e-13
88.25 5.406e-13 91.75 4.712e-13 95.25 5.383e-13 98.75 4.185e-13
102.25 3.571e-13 105.75 1.611e-13 109.25 2.350e-13 112.75 2.589e-13
116.25 2.796e-13
545.000000
4.25 1.027e-17 7.75 1.536e-17 11.25 8.392e-15 14.75 1.431e-17
18.25 5.045e-15 21.75 5.800e-15 25.25 4.458e-15 28.75 3.322e-14
32.25 1.520e-15 35.75 1.567e-13 39.25 1.206e-13 42.75 2.800e-13
46.25 2.726e-13 49.75 2.405e-13 53.25 3.545e-13 56.75 4.472e-13
60.25 3.307e-13 63.75 4.062e-13 67.25 4.747e-13 70.75 4.111e-13
74.25 5.189e-13 77.75 3.810e-13 81.25 2.859e-13 84.75 3.188e-13
88.25 4.136e-13 91.75 3.608e-13 95.25 4.105e-13 98.75 3.177e-13
102.25 2.743e-13 105.75 1.258e-13 109.25 1.843e-13 112.75 2.001e-13
116.25 2.133e-13
555.000000
4.25 7.456e-18 7.75 1.236e-17 11.25 3.110e-15 14.75 6.668e-18
18.25 3.211e-15 21.75 4.966e-15 25.25 3.957e-15 28.75 2.366e-14
32.25 1.047e-14 35.75 1.060e-13 39.25 8.716e-14 42.75 2.070e-13
46.25 2.038e-13 49.75 1.775e-13 53.25 2.570e-13 56.75 3.352e-13
60.25 2.492e-13 63.75 3.002e-13 67.25 3.521e-13 70.75 3.071e-13
74.25 3.885e-13 77.75 2.867e-13 81.25 2.168e-13 84.75 2.408e-13
88.25 3.102e-13 91.75 2.709e-13 95.25 3.067e-13 98.75 2.367e-13
102.25 2.063e-13 105.75 9.629e-14 109.25 1.420e-13 112.75 1.514e-13
116.25 1.595e-13
