33 56
2.500 0
118.000 560
5.000000
4.25 2.403e-10 7.75 3.097e-10 11.25 1.706e-10 14.75 4.456e-11
18.25 7.250e-11 21.75 1.332e-08 25.25 4.972e-11 28.75 1.255e-08
32.25 1.075e-09 35.75 5.687e-10 39.25 6.033e-09 42.75 2.009e-09
46.25 4.954e-09 49.75 1.575e-09 53.25 4.977e-10 56.75 1.525e-09
60.25 6.761e-10 63.75 7.314e-10 67.25 7.305e-10 70.75 4.953e-10
74.25 5.981e-10 77.75 5.748e-10 81.25 4.611e-10 84.75 5.284e-10
88.25 3.373e-10 91.75 8.829e-11 95.25 1.499e-09 98.75 2.880e-10
102.25 7.870e-10 105.75 1.637e-10 109.25 3.888e-10 112.75 6.274e-11
116.25 2.137e-10
15.000000
4.25 2.335e-10 7.75 3.085e-10 11.25 1.203e-09 14.75 4.276e-11
18.25 1.387e-09 21.75 1.309e-08 25.25 4.852e-11 28.75 1.237e-08
32.25 1.046e-09 35.75 5.868e-10 39.25 5.977e-09 42.75 1.991e-09
46.25 4.896e-09 49.75 1.584e-09 53.25 5.258e-10 56.75 1.495e-09
60.25 6.803e-10 63.75 7.568e-10 67.25 7.345e-10 70.75 4.968e-10
74.25 5.979e-10 77.75 5.904e-10 81.25 4.638e-10 84.75 5.233e-10
88.25 3.324e-10 91.75 9.913e-11 95.25 1.468e-09 98.75 2.921e-10
102.25 7.726e-10 105.75 1.598e-10 109.25 3.824e-10 112.75 6.635e-11
116.25 2.097e-10
25.000000
4.25 2.205e-10 7.75 3.060e-10 11.25 3.100e-09 14.75 3.949e-11
18.25 3.846e-09 21.75 1.266e-08 25.25 4.628e-11 28.75 1.202e-08
32.25 9.916e-10 35.75 6.188e-10 39.25 5.865e-09 42.75 1.956e-09
46.25 4.784e-09 49.75 1.598e-09 53.25 5.764e-10 56.75 1.438e-09
60.25 6.863e-10 63.75 8.007e-10 67.25 7.405e-10 70.75 4.982e-10
74.25 5.958e-10 77.75 6.171e-10 81.25 4.675e-10 84.75 5.132e-10
88.25 3.226e-10 91.75 1.182e-10 95.25 1.408e-09 98.75 2.989e-10
102.25 7.444e-10 105.75 1.523e-10 109.25 3.703e-10 112.75 7.284e-11
116.25 2.018e-10
35.000000
4.25 2.023e-10 7.75 3.019e-10 11.25 5.640e-09 14.75 3.515e-11
18.25 7.235e-09 21.75 1.203e-08 25.25 4.318e-11 28.75 1.150e-08
32.25 9.154e-10 35.75 6.590e-10 39.25 5.696e-09 42.75 1.903e-09
46.25 4.616e-09 49.75 1.610e-09 53.25 6.416e-10 56.75 1.357e-09
60.25 6.902e-10 63.75 8.534e-10 67.25 7.452e-10 70.75 4.970e-10
74.25 5.894e-10 77.75 6.480e-10 81.25 4.688e-10 84.75 4.973e-10
88.25 3.076e-10 91.75 1.419e-10 95.25 1.320e-09 98.75 3.062e-10
102.25 7.025e-10 105.75 1.414e-10 109.25 3.529e-10 112.75 8.116e-11
116.25 1.902e-10
45.000000
4.25 1.802e-10 7.75 2.958e-10 11.25 8.496e-09 14.75 3.032e-11
18.25 1.122e-08 21.75 1.124e-08 25.25 3.949e-11 28.75 1.085e-08
32.25 8.238e-10 35.75 6.994e-10 39.25 5.471e-09 42.75 1.830e-09
46.25 4.395e-09 49.75 1.609e-09 53.25 7.105e-10 56.75 1.256e-09
60.25 6.872e-10 63.75 9.016e-10 67.25 7.444e-10 70.75 4.903e-10
74.25 5.757e-10 77.75 6.740e-10 81.25 4.641e-10 84.75 4.754e-10
88.25 2.872e-10 91.75 1.653e-10 95.25 1.209e-09 98.75 3.112e-10
102.25 6.481e-10 105.75 1.276e-10 109.25 3.313e-10 112.75 8.980e-11
116.25 1.752e-10
55.000000
4.25 1.559e-10 7.75 2.877e-10 11.25 1.134e-08 14.75 2.552e-11
18.25 1.542e-08 21.75 1.033e-08 25.25 3.550e-11 28.75 1.009e-08
32.25 7.244e-10 35.75 7.330e-10 39.25 5.194e-09 42.75 1.739e-09
46.25 4.131e-09 49.75 1.590e-09 53.25 7.728e-10 56.75 1.143e-09
60.25 6.743e-10 63.75 9.348e-10 67.25 7.349e-10 70.75 4.762e-10
74.25 5.531e-10 77.75 6.879e-10 81.25 4.516e-10 84.75 4.478e-10
88.25 2.621e-10 91.75 1.848e-10 95.25 1.082e-09 98.75 3.114e-10
102.25 5.837e-10 105.75 1.119e-10 109.25 3.064e-10 112.75 9.731e-11
116.25 1.579e-10
65.000000
4.25 1.308e-10 7.75 2.770e-10 11.25 1.385e-08 14.75 2.120e-11
18.25 1.948e-08 21.75 9.339e-09 25.25 3.141e-11 28.75 9.231e-09
32.25 6.237e-10 35.75 7.526e-10 39.25 4.865e-09 42.75 1.629e-09
46.25 3.825e-09 49.75 1.543e-09 53.25 8.181e-10 56.75 1.021e-09
60.25 6.479e-10 63.75 9.422e-10 67.25 7.129e-10 70.75 4.526e-10
74.25 5.199e-10 77.75 6.817e-10 81.25 4.289e-10 84.75 4.143e-10
88.25 2.328e-10 91.75 1.967e-10 95.25 9.420e-10 98.75 3.043e-10
102.25 5.117e-10 105.75 9.506e-11 109.25 2.787e-10 112.75 1.021e-10
116.25 1.387e-10
75.000000
4.25 1.061e-10 7.75 2.641e-10 11.25 1.585e-08 14.75 1.753e-11
18.25 2.311e-08 21.75 8.311e-09 25.25 2.742e-11 28.75 8.326e-09
32.25 5.276e-10 35.75 7.567e-10 39.25 4.497e-09 42.75 1.505e-09
46.25 3.493e-09 49.75 1.470e-09 53.25 8.426e-10 56.75 8.982e-10
60.25 6.091e-10 63.75 9.232e-10 67.25 6.787e-10 70.75 4.208e-10
74.25 4.779e-10 77.75 6.553e-10 81.25 3.979e-10 84.75 3.766e-10
88.25 2.011e-10 91.75 2.006e-10 95.25 7.986e-10 98.75 2.900e-10
102.25 4.363e-10 105.75 7.802e-11 109.25 2.493e-10 112.75 1.037e-10
116.25 1.190e-10
85.000000
4.25 8.315e-11 7.75 2.487e-10 11.25 1.713e-08 14.75 1.466e-11
18.25 2.598e-08 21.75 7.282e-09 25.25 2.364e-11 28.75 7.395e-09
32.25 4.419e-10 35.75 7.415e-10 39.25 4.094e-09 42.75 1.370e-09
46.25 3.142e-09 49.75 1.368e-09 53.25 8.402e-10 56.75 7.778e-10
60.25 5.578e-10 63.75 8.746e-10 67.25 6.311e-10 70.75 3.811e-10
74.25 4.281e-10 77.75 6.069e-10 81.25 3.592e-10 84.75 3.354e-10
88.25 1.686e-10 91.75 1.956e-10 95.25 6.584e-10 98.75 2.676e-10
102.25 3.612e-10 105.75 6.182e-11 109.25 2.188e-10 112.75 1.011e-10
116.25 9.969e-11
95.000000
4.25 6.271e-11 7.75 2.313e-10 11.25 1.768e-08 14.75 1.243e-11
18.25 2.797e-08 21.75 6.289e-09 25.25 2.013e-11 28.75 6.471e-09
32.25 3.691e-10 35.75 7.089e-10 39.25 3.670e-09 42.75 1.229e-09
46.25 2.785e-09 49.75 1.242e-09 53.25 8.121e-10 56.75 6.646e-10
60.25 4.977e-10 63.75 8.023e-10 67.25 5.724e-10 70.75 3.362e-10
74.25 3.738e-10 77.75 5.413e-10 81.25 3.158e-10 84.75 2.927e-10
88.25 1.374e-10 91.75 1.831e-10 95.25 5.281e-10 98.75 2.388e-10
102.25 2.903e-10 105.75 4.730e-11 109.25 1.881e-10 112.75 9.480e-11
116.25 8.183e-11
105.000000
4.25 4.508e-11 7.75 2.124e-10 11.25 1.757e-08 14.75 1.062e-11
18.25 2.902e-08 21.75 5.355e-09 25.25 1.688e-11 28.75 5.579e-09
32.25 3.096e-10 35.75 6.622e-10 39.25 3.237e-09 42.75 1.087e-09
46.25 2.431e-09 49.75 1.103e-09 53.25 7.625e-10 56.75 5.611e-10
60.25 4.327e-10 63.75 7.142e-10 67.25 5.061e-10 70.75 2.892e-10
74.25 3.185e-10 77.75 4.654e-10 81.25 2.704e-10 84.75 2.502e-10
88.25 1.091e-10 91.75 1.651e-10 95.25 4.120e-10 98.75 2.060e-10
102.25 2.262e-10 105.75 3.493e-11 109.25 1.582e-10 112.75 8.567e-11
116.25 6.592e-11
115.000000
4.25 3.045e-11 7.75 1.924e-10 11.25 1.689e-08 14.75 9.033e-12
18.25 2.915e-08 21.75 4.499e-09 25.25 1.390e-11 28.75 4.741e-09
32.25 2.628e-10 35.75 6.050e-10 39.25 2.807e-09 42.75 9.481e-10
46.25 2.089e-09 49.75 9.559e-10 53.25 6.956e-10 56.75 4.693e-10
60.25 3.665e-10 63.75 6.177e-10 67.25 4.355e-10 70.75 2.427e-10
74.25 2.649e-10 77.75 3.858e-10 81.25 2.252e-10 84.75 2.096e-10
88.25 8.485e-11 91.75 1.433e-10 95.25 3.133e-10 98.75 1.716e-10
102.25 1.707e-10 105.75 2.500e-11 109.25 1.302e-10 112.75 7.464e-11
116.25 5.227e-11
125.000000
4.25 1.877e-11 7.75 1.720e-10 11.25 1.578e-08 14.75 7.501e-12
18.25 2.844e-08 21.75 3.735e-09 25.25 1.119e-11 28.75 3.973e-09
32.25 2.271e-10 35.75 5.412e-10 39.25 2.392e-09 42.75 8.169e-10
46.25 1.765e-09 49.75 8.104e-10 53.25 6.172e-10 56.75 3.902e-10
60.25 3.027e-10 63.75 5.197e-10 67.25 3.641e-10 70.75 1.989e-10
74.25 2.155e-10 77.75 3.089e-10 81.25 1.819e-10 84.75 1.721e-10
88.25 6.542e-11 91.75 1.194e-10 95.25 2.333e-10 98.75 1.378e-10
102.25 1.246e-10 105.75 1.752e-11 109.25 1.050e-10 112.75 6.280e-11
116.25 4.087e-11
135.000000
4.25 9.813e-12 7.75 1.516e-10 11.25 1.439e-08 14.75 5.934e-12
18.25 2.701e-08 21.75 3.065e-09 25.25 8.760e-12 28.75 3.285e-09
32.25 2.002e-10 35.75 4.748e-10 39.25 2.002e-09 42.75 6.964e-10
46.25 1.464e-09 49.75 6.733e-10 53.25 5.333e-10 56.75 3.239e-10
60.25 2.440e-10 63.75 4.262e-10 67.25 2.956e-10 70.75 1.597e-10
74.25 1.719e-10 77.75 2.398e-10 81.25 1.418e-10 84.75 1.388e-10
88.25 5.079e-11 91.75 9.502e-11 95.25 1.716e-10 98.75 1.069e-10
102.25 8.806e-11 105.75 1.227e-11 109.25 8.335e-11 112.75 5.114e-11
116.25 3.154e-11
145.000000
4.25 3.241e-12 7.75 1.319e-10 11.25 1.284e-08 14.75 4.331e-12
18.25 2.502e-08 21.75 2.489e-09 25.25 6.639e-12 28.75 2.682e-09
32.25 1.799e-10 35.75 4.095e-10 39.25 1.645e-09 42.75 5.883e-10
46.25 1.191e-09 49.75 5.497e-10 53.25 4.499e-10 56.75 2.694e-10
60.25 1.928e-10 63.75 3.415e-10 67.25 2.329e-10 70.75 1.262e-10
74.25 1.351e-10 77.75 1.820e-10 81.25 1.060e-10 84.75 1.101e-10
88.25 4.044e-11 91.75 7.150e-11 95.25 1.262e-10 98.75 8.032e-11
102.25 6.036e-11 105.75 8.856e-12 109.25 6.550e-11 112.75 4.040e-11
116.25 2.397e-11
155.000000
4.25 2.195e-12 7.75 1.131e-10 11.25 1.125e-08 14.75 2.768e-12
18.25 2.265e-08 21.75 2.002e-09 25.25 4.851e-12 28.75 2.165e-09
32.25 1.639e-10 35.75 3.484e-10 39.25 1.329e-09 42.75 4.935e-10
46.25 9.488e-10 49.75 4.425e-10 53.25 3.717e-10 56.75 2.251e-10
60.25 1.503e-10 63.75 2.679e-10 67.25 1.783e-10 70.75 9.877e-11
74.25 1.053e-10 77.75 1.365e-10 81.25 7.537e-11 84.75 8.630e-11
88.25 3.353e-11 91.75 5.019e-11 95.25 9.413e-11 98.75 5.886e-11
102.25 4.053e-11 105.75 6.821e-12 109.25 5.120e-11 112.75 3.102e-11
116.25 1.787e-11
165.000000
4.25 4.293e-12 7.75 9.566e-11 11.25 9.700e-09 14.75 1.358e-12
18.25 2.007e-08 21.75 1.594e-09 25.25 3.414e-12 28.75 1.729e-09
32.25 1.506e-10 35.75 2.937e-10 39.25 1.054e-09 42.75 4.119e-10
46.25 7.402e-10 49.75 3.526e-10 53.25 3.023e-10 56.75 1.891e-10
60.25 1.167e-10 63.75 2.065e-10 67.25 1.334e-10 70.75 7.737e-11
74.25 8.247e-11 77.75 1.029e-10 81.25 5.073e-11 84.75 6.710e-11
88.25 2.912e-11 91.75 3.221e-11 95.25 7.229e-11 98.75 4.263e-11
102.25 2.743e-11 105.75 5.737e-12 109.25 3.986e-11 112.75 2.315e-11
116.25 1.304e-11
175.000000
4.25 6.003e-12 7.75 7.977e-11 11.25 8.234e-09 14.75 3.773e-13
18.25 1.743e-08 21.75 1.257e-09 25.25 2.324e-12 28.75 1.368e-09
32.25 1.390e-10 35.75 2.468e-10 39.25 8.237e-10 42.75 3.426e-10
46.25 5.661e-10 49.75 2.792e-10 53.25 2.437e-10 56.75 1.595e-10
60.25 9.180e-11 63.75 1.570e-10 67.25 9.858e-11 70.75 6.141e-11
74.25 6.586e-11 77.75 7.927e-11 81.25 3.251e-11 84.75 5.207e-11
88.25 2.635e-11 91.75 1.835e-11 95.25 5.761e-11 98.75 3.119e-11
102.25 1.988e-11 105.75 5.250e-12 109.25 3.071e-11 112.75 1.675e-11
116.25 9.351e-12
185.000000
4.25 6.778e-12 7.75 6.556e-11 11.25 6.882e-09 14.75 6.000e-13
18.25 1.485e-08 21.75 9.808e-10 25.25 1.558e-12 28.75 1.072e-09
32.25 1.282e-10 35.75 2.080e-10 39.25 6.344e-10 42.75 2.843e-10
46.25 4.260e-10 49.75 2.205e-10 53.25 1.965e-10 56.75 1.347e-10
60.25 7.439e-11 63.75 1.187e-10 67.25 7.338e-11 70.75 5.006e-11
74.25 5.464e-11 77.75 6.344e-11 81.25 2.066e-11 84.75 4.065e-11
88.25 2.458e-11 91.75 8.950e-12 95.25 4.762e-11 98.75 2.375e-11
102.25 1.666e-11 105.75 5.102e-12 109.25 2.307e-11 112.75 1.173e-11
116.25 6.746e-12
195.000000
4.25 6.881e-12 7.75 5.307e-11 11.25 5.660e-09 14.75 1.055e-12
18.25 1.242e-08 21.75 7.558e-10 25.25 1.066e-12 28.75 8.337e-10
32.25 1.178e-10 35.75 1.770e-10 39.25 4.829e-10 42.75 2.358e-10
46.25 3.177e-10 49.75 1.742e-10 53.25 1.598e-10 56.75 1.134e-10
60.25 6.299e-11 63.75 9.002e-11 67.25 5.663e-11 70.75 4.235e-11
74.25 4.769e-11 77.75 5.308e-11 81.25 1.454e-11 84.75 3.220e-11
88.25 2.337e-11 91.75 3.836e-12 95.25 4.052e-11 98.75 1.938e-11
102.25 1.653e-11 105.75 5.121e-12 109.25 1.650e-11 112.75 7.935e-12
116.25 5.147e-12
205.000000
4.25 6.528e-12 7.75 4.226e-11 11.25 4.575e-09 14.75 1.187e-12
18.25 1.021e-08 21.75 5.745e-10 25.25 7.882e-13 28.75 6.434e-10
32.25 1.077e-10 35.75 1.527e-10 39.25 3.644e-10 42.75 1.955e-10
46.25 2.372e-10 49.75 1.381e-10 53.25 1.322e-10 56.75 9.500e-11
60.25 5.592e-11 63.75 6.955e-11 67.25 4.666e-11 70.75 3.730e-11
74.25 4.380e-11 77.75 4.628e-11 81.25 1.300e-11 84.75 2.612e-11
88.25 2.244e-11 91.75 2.363e-12 95.25 3.516e-11 98.75 1.716e-11
102.25 1.828e-11 105.75 5.199e-12 109.25 1.085e-11 112.75 5.266e-12
116.25 4.424e-12
215.000000
4.25 5.890e-12 7.75 3.309e-11 11.25 3.626e-09 14.75 1.063e-12
18.25 8.243e-09 21.75 4.297e-10 25.25 6.593e-13 28.75 4.934e-10
32.25 9.767e-11 35.75 1.339e-10 39.25 2.736e-10 42.75 1.622e-10
46.25 1.798e-10 49.75 1.101e-10 53.25 1.117e-10 56.75 7.907e-11
60.25 5.155e-11 63.75 5.560e-11 67.25 4.160e-11 70.75 3.402e-11
74.25 4.177e-11 77.75 4.163e-11 81.25 1.452e-11 84.75 2.185e-11
88.25 2.163e-11 91.75 3.570e-12 95.25 3.088e-11 98.75 1.631e-11
102.25 2.078e-11 105.75 5.263e-12 109.25 6.202e-12 112.75 3.604e-12
116.25 4.390e-12
225.000000
4.25 5.099e-12 7.75 2.542e-11 11.25 2.813e-09 14.75 7.730e-13
18.25 6.542e-09 21.75 3.157e-10 25.25 6.185e-13 28.75 3.763e-10
32.25 8.779e-11 35.75 1.190e-10 39.25 2.055e-10 42.75 1.347e-10
46.25 1.400e-10 49.75 8.847e-11 53.25 9.655e-11 56.75 6.552e-11
60.25 4.847e-11 63.75 4.655e-11 67.25 3.963e-11 70.75 3.177e-11
74.25 4.052e-11 77.75 3.818e-11 81.25 1.754e-11 84.75 1.891e-11
88.25 2.081e-11 91.75 6.364e-12 95.25 2.738e-11 98.75 1.618e-11
102.25 2.310e-11 105.75 5.268e-12 109.25 2.747e-12 112.75 2.820e-12
116.25 4.809e-12
235.000000
4.25 4.257e-12 7.75 1.914e-11 11.25 2.131e-09 14.75 4.069e-13
18.25 5.102e-09 21.75 2.271e-10 25.25 6.156e-13 28.75 2.858e-10
32.25 7.813e-11 35.75 1.068e-10 39.25 1.551e-10 42.75 1.122e-10
46.25 1.129e-10 49.75 7.187e-11 53.25 8.493e-11 56.75 5.429e-11
60.25 4.564e-11 63.75 4.092e-11 67.25 3.919e-11 70.75 2.999e-11
74.25 3.921e-11 77.75 3.536e-11 81.25 2.064e-11 84.75 1.688e-11
88.25 1.989e-11 91.75 9.702e-12 95.25 2.450e-11 98.75 1.631e-11
102.25 2.454e-11 105.75 5.182e-12 109.25 6.893e-13 112.75 2.751e-12
116.25 5.433e-12
245.000000
4.25 3.436e-12 7.75 1.411e-11 11.25 1.573e-09 14.75 7.774e-14
18.25 3.909e-09 21.75 1.597e-10 25.25 6.142e-13 28.75 2.165e-10
32.25 6.886e-11 35.75 9.619e-11 39.25 1.184e-10 42.75 9.375e-11
46.25 9.396e-11 49.75 5.917e-11 53.25 7.555e-11 56.75 4.531e-11
60.25 4.241e-11 63.75 3.742e-11 67.25 3.905e-11 70.75 2.830e-11
74.25 3.729e-11 77.75 3.287e-11 81.25 2.279e-11 84.75 1.546e-11
88.25 1.879e-11 91.75 1.273e-11 95.25 2.217e-11 98.75 1.637e-11
102.25 2.472e-11 105.75 4.988e-12 109.25 1.741e-13 112.75 3.201e-12
116.25 6.037e-12
255.000000
4.25 2.692e-12 7.75 1.022e-11 11.25 1.137e-09 14.75 2.598e-13
18.25 2.957e-09 21.75 1.104e-10 25.25 5.906e-13 28.75 1.651e-10
32.25 6.019e-11 35.75 8.653e-11 39.25 9.227e-11 42.75 7.891e-11
46.25 7.998e-11 49.75 4.963e-11 53.25 6.754e-11 56.75 3.850e-11
60.25 3.848e-11 63.75 3.505e-11 67.25 3.837e-11 70.75 2.645e-11
74.25 3.447e-11 77.75 3.056e-11 81.25 2.328e-11 84.75 1.439e-11
88.25 1.746e-11 91.75 1.477e-11 95.25 2.033e-11 98.75 1.614e-11
102.25 2.348e-11 105.75 4.680e-12 109.25 4.106e-13 112.75 3.950e-12
116.25 6.428e-12
265.000000
4.25 2.057e-12 7.75 7.305e-12 11.25 8.088e-10 14.75 4.437e-13
18.25 2.213e-09 21.75 7.523e-11 25.25 5.377e-13 28.75 1.269e-10
32.25 5.228e-11 35.75 7.735e-11 39.25 7.355e-11 42.75 6.689e-11
46.25 6.844e-11 49.75 4.241e-11 53.25 6.034e-11 56.75 3.346e-11
60.25 3.399e-11 63.75 3.294e-11 67.25 3.678e-11 70.75 2.438e-11
74.25 3.091e-11 77.75 2.831e-11 81.25 2.209e-11 84.75 1.348e-11
88.25 1.594e-11 91.75 1.560e-11 95.25 1.884e-11 98.75 1.555e-11
102.25 2.112e-11 105.75 4.287e-12 109.25 1.704e-12 112.75 4.723e-12
116.25 6.510e-12
275.000000
4.25 1.530e-12 7.75 5.106e-12 11.25 5.627e-10 14.75 5.390e-13
18.25 1.631e-09 21.75 4.994e-11 25.25 4.633e-13 28.75 9.786e-11
32.25 4.513e-11 35.75 6.854e-11 39.25 5.951e-11 42.75 5.692e-11
46.25 5.819e-11 49.75 3.673e-11 53.25 5.370e-11 56.75 2.958e-11
60.25 2.931e-11 63.75 3.073e-11 67.25 3.442e-11 70.75 2.215e-11
74.25 2.703e-11 77.75 2.606e-11 81.25 1.980e-11 84.75 1.260e-11
88.25 1.433e-11 91.75 1.542e-11 95.25 1.751e-11 98.75 1.464e-11
102.25 1.819e-11 105.75 3.854e-12 109.25 3.263e-12 112.75 5.342e-12
116.25 6.326e-12
285.000000
4.25 1.108e-12 7.75 3.487e-12 11.25 3.836e-10 14.75 5.528e-13
18.25 1.182e-09 21.75 3.221e-11 25.25 3.766e-13 28.75 7.584e-11
32.25 3.872e-11 35.75 6.016e-11 39.25 4.878e-11 42.75 4.855e-11
46.25 4.899e-11 49.75 3.216e-11 53.25 4.758e-11 56.75 2.650e-11
60.25 2.479e-11 63.75 2.828e-11 67.25 3.154e-11 70.75 1.983e-11
74.25 2.322e-11 77.75 2.379e-11 81.25 1.692e-11 84.75 1.172e-11
88.25 1.273e-11 91.75 1.450e-11 95.25 1.623e-11 98.75 1.349e-11
102.25 1.512e-11 105.75 3.421e-12 109.25 4.683e-12 112.75 5.713e-12
116.25 5.940e-12
295.000000
4.25 7.811e-13 7.75 2.326e-12 11.25 2.571e-10 14.75 5.063e-13
18.25 8.421e-10 21.75 2.010e-11 25.25 2.872e-13 28.75 5.910e-11
32.25 3.302e-11 35.75 5.232e-11 39.25 4.035e-11 42.75 4.143e-11
46.25 4.086e-11 49.75 2.836e-11 53.25 4.199e-11 56.75 2.389e-11
60.25 2.070e-11 63.75 2.563e-11 67.25 2.841e-11 70.75 1.753e-11
74.25 1.978e-11 77.75 2.148e-11 81.25 1.394e-11 84.75 1.081e-11
88.25 1.125e-11 91.75 1.313e-11 95.25 1.493e-11 98.75 1.218e-11
102.25 1.226e-11 105.75 3.022e-12 109.25 5.694e-12 112.75 5.808e-12
116.25 5.433e-12
305.000000
4.25 5.356e-13 7.75 1.516e-12 11.25 1.704e-10 14.75 4.225e-13
18.25 5.895e-10 21.75 1.209e-11 25.25 2.033e-13 28.75 4.631e-11
32.25 2.794e-11 35.75 4.512e-11 39.25 3.355e-11 42.75 3.531e-11
46.25 3.391e-11 49.75 2.510e-11 53.25 3.693e-11 56.75 2.154e-11
60.25 1.722e-11 63.75 2.287e-11 67.25 2.527e-11 70.75 1.532e-11
74.25 1.691e-11 77.75 1.916e-11 81.25 1.124e-11 84.75 9.872e-12
88.25 9.942e-12 91.75 1.158e-11 95.25 1.358e-11 98.75 1.082e-11
102.25 9.838e-12 105.75 2.677e-12 109.25 6.161e-12 112.75 5.644e-12
116.25 4.882e-12
315.000000
4.25 3.577e-13 7.75 9.668e-13 11.25 1.126e-10 14.75 3.228e-13
18.25 4.053e-10 21.75 6.953e-12 25.25 1.312e-13 28.75 3.645e-11
32.25 2.343e-11 35.75 3.862e-11 39.25 2.787e-11 42.75 2.998e-11
46.25 2.819e-11 49.75 2.221e-11 53.25 3.239e-11 56.75 1.932e-11
60.25 1.442e-11 63.75 2.011e-11 67.25 2.232e-11 70.75 1.329e-11
74.25 1.471e-11 77.75 1.687e-11 81.25 9.051e-12 84.75 8.938e-12
88.25 8.865e-12 91.75 1.007e-11 95.25 1.217e-11 98.75 9.476e-12
102.25 7.979e-12 105.75 2.397e-12 109.25 6.077e-12 112.75 5.277e-12
116.25 4.347e-12
325.000000
4.25 2.330e-13 7.75 6.060e-13 11.25 7.483e-11 14.75 2.244e-13
18.25 2.736e-10 21.75 3.781e-12 25.25 7.413e-14 28.75 2.878e-11
32.25 1.944e-11 35.75 3.284e-11 39.25 2.304e-11 42.75 2.534e-11
46.25 2.365e-11 49.75 1.958e-11 53.25 2.833e-11 56.75 1.717e-11
60.25 1.229e-11 63.75 1.748e-11 67.25 1.965e-11 70.75 1.147e-11
74.25 1.313e-11 77.75 1.468e-11 81.25 7.446e-12 84.75 8.028e-12
88.25 8.016e-12 91.75 8.732e-12 95.25 1.076e-11 98.75 8.231e-12
102.25 6.675e-12 105.75 2.178e-12 109.25 5.547e-12 112.75 4.778e-12
116.25 3.869e-12
335.000000
4.25 1.523e-13 7.75 3.872e-13 11.25 5.151e-11 14.75 1.419e-13
18.25 1.853e-10 21.75 2.005e-12 25.25 3.493e-14 28.75 2.290e-11
32.25 1.598e-11 35.75 2.786e-11 39.25 1.896e-11 42.75 2.137e-11
46.25 2.018e-11 49.75 1.720e-11 53.25 2.476e-11 56.75 1.512e-11
60.25 1.077e-11 63.75 1.510e-11 67.25 1.735e-11 70.75 9.936e-12
74.25 1.207e-11 77.75 1.267e-11 81.25 6.416e-12 84.75 7.177e-12
88.25 7.378e-12 91.75 7.654e-12 95.25 9.405e-12 98.75 7.149e-12
102.25 5.867e-12 105.75 2.011e-12 109.25 4.737e-12 112.75 4.225e-12
116.25 3.467e-12
345.000000
4.25 9.819e-14 7.75 2.467e-13 11.25 3.584e-11 14.75 7.850e-14
18.25 1.235e-10 21.75 9.576e-13 25.25 9.298e-15 28.75 1.818e-11
32.25 1.299e-11 35.75 2.351e-11 39.25 1.547e-11 42.75 1.796e-11
46.25 1.738e-11 49.75 1.501e-11 53.25 2.157e-11 56.75 1.322e-11
60.25 9.603e-12 63.75 1.299e-11 67.25 1.533e-11 70.75 8.653e-12
74.25 1.125e-11 77.75 1.087e-11 81.25 5.717e-12 84.75 6.396e-12
88.25 6.854e-12 91.75 6.781e-12 95.25 8.165e-12 98.75 6.222e-12
102.25 5.322e-12 105.75 1.867e-12 109.25 3.886e-12 112.75 3.686e-12
116.25 3.121e-12
355.000000
4.25 6.236e-14 7.75 1.571e-13 11.25 2.513e-11 14.75 3.352e-14
18.25 8.081e-11 21.75 3.642e-13 25.25 7.873e-15 28.75 1.435e-11
32.25 1.045e-11 35.75 1.973e-11 39.25 1.251e-11 42.75 1.505e-11
46.25 1.499e-11 49.75 1.302e-11 53.25 1.871e-11 56.75 1.149e-11
60.25 8.657e-12 63.75 1.114e-11 67.25 1.352e-11 70.75 7.592e-12
74.25 1.052e-11 77.75 9.301e-12 81.25 5.199e-12 84.75 5.689e-12
88.25 6.383e-12 91.75 6.062e-12 95.25 7.067e-12 98.75 5.436e-12
102.25 4.907e-12 105.75 1.729e-12 109.25 3.114e-12 112.75 3.192e-12
116.25 2.816e-12
365.000000
4.25 3.921e-14 7.75 1.007e-13 11.25 1.771e-11 14.75 1.198e-14
18.25 5.186e-11 21.75 1.120e-13 25.25 1.315e-14 28.75 1.123e-11
32.25 8.323e-12 35.75 1.646e-11 39.25 1.006e-11 42.75 1.259e-11
46.25 1.288e-11 49.75 1.122e-11 53.25 1.616e-11 56.75 9.944e-12
60.25 7.827e-12 63.75 9.553e-12 67.25 1.188e-11 70.75 6.722e-12
74.25 9.773e-12 77.75 7.957e-12 81.25 4.754e-12 84.75 5.055e-12
88.25 5.926e-12 91.75 5.449e-12 95.25 6.122e-12 98.75 4.770e-12
102.25 4.533e-12 105.75 1.590e-12 109.25 2.487e-12 112.75 2.753e-12
116.25 2.536e-12
375.000000
4.25 2.454e-14 7.75 6.530e-14 11.25 1.250e-11 14.75 1.152e-14
18.25 3.263e-11 21.75 8.888e-14 25.25 1.531e-14 28.75 8.714e-12
32.25 6.594e-12 35.75 1.364e-11 39.25 8.060e-12 42.75 1.054e-11
46.25 1.095e-11 49.75 9.608e-12 53.25 1.388e-11 56.75 8.583e-12
60.25 7.044e-12 63.75 8.189e-12 67.25 1.037e-11 70.75 6.005e-12
74.25 8.959e-12 77.75 6.819e-12 81.25 4.317e-12 84.75 4.489e-12
88.25 5.457e-12 91.75 4.905e-12 95.25 5.327e-12 98.75 4.203e-12
102.25 4.148e-12 105.75 1.445e-12 109.25 2.022e-12 112.75 2.374e-12
116.25 2.275e-12
385.000000
4.25 1.539e-14 7.75 4.289e-14 11.25 8.829e-12 14.75 1.853e-14
18.25 2.015e-11 21.75 1.371e-13 25.25 1.441e-14 28.75 6.683e-12
32.25 5.212e-12 35.75 1.123e-11 39.25 6.467e-12 42.75 8.842e-12
46.25 9.164e-12 49.75 8.181e-12 53.25 1.187e-11 56.75 7.395e-12
60.25 6.271e-12 63.75 7.022e-12 67.25 8.986e-12 70.75 5.402e-12
74.25 8.074e-12 77.75 5.861e-12 81.25 3.862e-12 84.75 3.981e-12
88.25 4.971e-12 91.75 4.403e-12 95.25 4.667e-12 98.75 3.712e-12
102.25 3.735e-12 105.75 1.296e-12 109.25 1.704e-12 112.75 2.050e-12
116.25 2.029e-12
395.000000
4.25 9.717e-15 7.75 2.844e-14 11.25 6.228e-12 14.75 1.969e-14
18.25 1.220e-11 21.75 1.370e-13 25.25 1.203e-14 28.75 5.061e-12
32.25 4.124e-12 35.75 9.173e-12 39.25 5.214e-12 42.75 7.433e-12
46.25 7.540e-12 49.75 6.922e-12 53.25 1.010e-11 56.75 6.361e-12
60.25 5.503e-12 63.75 6.019e-12 67.25 7.718e-12 70.75 4.878e-12
74.25 7.146e-12 77.75 5.052e-12 81.25 3.391e-12 84.75 3.525e-12
88.25 4.474e-12 91.75 3.931e-12 95.25 4.121e-12 98.75 3.280e-12
102.25 3.301e-12 105.75 1.147e-12 109.25 1.496e-12 112.75 1.774e-12
116.25 1.799e-12
405.000000
4.25 6.205e-15 7.75 1.891e-14 11.25 4.395e-12 14.75 1.765e-14
18.25 7.261e-12 21.75 1.157e-13 25.25 9.252e-15 28.75 3.781e-12
32.25 3.271e-12 35.75 7.443e-12 39.25 4.231e-12 42.75 6.255e-12
46.25 6.101e-12 49.75 5.816e-12 53.25 8.538e-12 56.75 5.460e-12
60.25 4.750e-12 63.75 5.153e-12 67.25 6.573e-12 70.75 4.403e-12
74.25 6.220e-12 77.75 4.363e-12 81.25 2.927e-12 84.75 3.112e-12
88.25 3.980e-12 91.75 3.486e-12 95.25 3.664e-12 98.75 2.893e-12
102.25 2.869e-12 105.75 1.005e-12 109.25 1.355e-12 112.75 1.539e-12
116.25 1.588e-12
415.000000
4.25 4.012e-15 7.75 1.251e-14 11.25 3.111e-12 14.75 1.428e-14
18.25 4.250e-12 21.75 8.831e-14 25.25 6.670e-15 28.75 2.785e-12
32.25 2.598e-12 35.75 5.994e-12 39.25 3.454e-12 42.75 5.260e-12
46.25 4.868e-12 49.75 4.849e-12 53.25 7.175e-12 56.75 4.672e-12
60.25 4.035e-12 63.75 4.401e-12 67.25 5.556e-12 70.75 3.956e-12
74.25 5.343e-12 77.75 3.770e-12 81.25 2.493e-12 84.75 2.735e-12
88.25 3.506e-12 91.75 3.071e-12 95.25 3.274e-12 98.75 2.544e-12
102.25 2.464e-12 105.75 8.753e-13 109.25 1.246e-12 112.75 1.340e-12
116.25 1.399e-12
425.000000
4.25 2.624e-15 7.75 8.155e-15 11.25 2.212e-12 14.75 1.074e-14
18.25 2.453e-12 21.75 6.243e-14 25.25 4.564e-15 28.75 2.023e-12
32.25 2.058e-12 35.75 4.790e-12 39.25 2.826e-12 42.75 4.408e-12
46.25 3.849e-12 49.75 4.008e-12 53.25 5.988e-12 56.75 3.985e-12
60.25 3.379e-12 63.75 3.745e-12 67.25 4.671e-12 70.75 3.527e-12
74.25 4.549e-12 77.75 3.254e-12 81.25 2.108e-12 84.75 2.391e-12
88.25 3.065e-12 91.75 2.689e-12 95.25 2.933e-12 98.75 2.228e-12
102.25 2.102e-12 105.75 7.605e-13 109.25 1.143e-12 112.75 1.170e-12
116.25 1.233e-12
435.000000
4.25 1.732e-15 7.75 5.205e-15 11.25 1.580e-12 14.75 7.626e-15
18.25 1.401e-12 21.75 4.111e-14 25.25 2.991e-15 28.75 1.449e-12
32.25 1.618e-12 35.75 3.798e-12 39.25 2.307e-12 42.75 3.672e-12
46.25 3.034e-12 49.75 3.283e-12 53.25 4.957e-12 56.75 3.386e-12
60.25 2.795e-12 63.75 3.169e-12 67.25 3.913e-12 70.75 3.112e-12
74.25 3.855e-12 77.75 2.802e-12 81.25 1.782e-12 84.75 2.078e-12
88.25 2.664e-12 91.75 2.344e-12 95.25 2.626e-12 98.75 1.943e-12
102.25 1.793e-12 105.75 6.615e-13 109.25 1.037e-12 112.75 1.026e-12
116.25 1.088e-12
445.000000
4.25 1.149e-15 7.75 3.232e-15 11.25 1.130e-12 14.75 5.165e-15
18.25 7.952e-13 21.75 2.496e-14 25.25 1.896e-15 28.75 1.026e-12
32.25 1.254e-12 35.75 2.985e-12 39.25 1.870e-12 42.75 3.035e-12
46.25 2.396e-12 49.75 2.663e-12 53.25 4.067e-12 56.75 2.866e-12
60.25 2.291e-12 63.75 2.664e-12 67.25 3.271e-12 70.75 2.714e-12
74.25 3.262e-12 77.75 2.403e-12 81.25 1.511e-12 84.75 1.793e-12
88.25 2.305e-12 91.75 2.034e-12 95.25 2.343e-12 98.75 1.686e-12
102.25 1.533e-12 105.75 5.771e-13 109.25 9.261e-13 112.75 9.022e-13
116.25 9.618e-13
455.000000
4.25 7.631e-16 7.75 1.940e-15 11.25 8.046e-13 14.75 3.359e-15
18.25 4.511e-13 21.75 1.339e-14 25.25 1.175e-15 28.75 7.182e-13
32.25 9.536e-13 35.75 2.326e-12 39.25 1.498e-12 42.75 2.486e-12
46.25 1.902e-12 49.75 2.140e-12 53.25 3.304e-12 56.75 2.418e-12
60.25 1.867e-12 63.75 2.223e-12 67.25 2.730e-12 70.75 2.338e-12
74.25 2.760e-12 77.75 2.051e-12 81.25 1.288e-12 84.75 1.535e-12
88.25 1.985e-12 91.75 1.758e-12 95.25 2.077e-12 98.75 1.455e-12
102.25 1.317e-12 105.75 5.047e-13 109.25 8.136e-13 112.75 7.944e-13
116.25 8.496e-13
465.000000
4.25 5.057e-16 7.75 1.119e-15 11.25 5.668e-13 14.75 2.108e-15
18.25 2.574e-13 21.75 5.447e-15 25.25 7.215e-16 28.75 4.986e-13
32.25 7.077e-13 35.75 1.795e-12 39.25 1.183e-12 42.75 2.017e-12
46.25 1.520e-12 49.75 1.705e-12 53.25 2.658e-12 56.75 2.032e-12
60.25 1.515e-12 63.75 1.839e-12 67.25 2.274e-12 70.75 1.989e-12
74.25 2.333e-12 77.75 1.740e-12 81.25 1.103e-12 84.75 1.304e-12
88.25 1.700e-12 91.75 1.512e-12 95.25 1.826e-12 98.75 1.247e-12
102.25 1.134e-12 105.75 4.415e-13 109.25 7.047e-13 112.75 6.984e-13
116.25 7.475e-13
475.000000
4.25 3.333e-16 7.75 6.141e-16 11.25 3.921e-13 14.75 1.281e-15
18.25 1.487e-13 21.75 9.498e-16 25.25 4.475e-16 28.75 3.442e-13
32.25 5.108e-13 35.75 1.372e-12 39.25 9.200e-13 42.75 1.620e-12
46.25 1.222e-12 49.75 1.348e-12 53.25 2.115e-12 56.75 1.700e-12
60.25 1.226e-12 63.75 1.508e-12 67.25 1.889e-12 70.75 1.671e-12
74.25 1.966e-12 77.75 1.465e-12 81.25 9.446e-13 84.75 1.098e-12
88.25 1.445e-12 91.75 1.291e-12 95.25 1.586e-12 98.75 1.060e-12
102.25 9.752e-13 105.75 3.850e-13 109.25 6.034e-13 112.75 6.110e-13
116.25 6.527e-13
485.000000
4.25 2.177e-16 7.75 3.160e-16 11.25 2.644e-13 14.75 7.551e-16
18.25 8.735e-14 21.75 3.190e-15 25.25 2.858e-16 28.75 2.369e-13
32.25 3.577e-13 35.75 1.039e-12 39.25 7.045e-13 42.75 1.289e-12
46.25 9.839e-13 49.75 1.058e-12 53.25 1.665e-12 56.75 1.414e-12
60.25 9.899e-13 63.75 1.224e-12 67.25 1.560e-12 70.75 1.386e-12
74.25 1.647e-12 77.75 1.223e-12 81.25 8.056e-13 84.75 9.159e-13
88.25 1.216e-12 91.75 1.092e-12 95.25 1.360e-12 98.75 8.916e-13
102.25 8.339e-13 105.75 3.334e-13 109.25 5.116e-13 112.75 5.298e-13
116.25 5.635e-13
495.000000
4.25 1.406e-16 7.75 1.478e-16 11.25 1.725e-13 14.75 4.318e-16
18.25 5.233e-14 21.75 5.216e-15 25.25 1.911e-16 28.75 1.631e-13
32.25 2.424e-13 35.75 7.789e-13 39.25 5.317e-13 42.75 1.017e-12
46.25 7.906e-13 49.75 8.246e-13 53.25 1.297e-12 56.75 1.168e-12
60.25 7.958e-13 63.75 9.833e-13 67.25 1.279e-12 70.75 1.135e-12
74.25 1.367e-12 77.75 1.009e-12 81.25 6.809e-13 84.75 7.554e-13
88.25 1.011e-12 91.75 9.139e-13 95.25 1.148e-12 98.75 7.410e-13
102.25 7.058e-13 105.75 2.857e-13 109.25 4.301e-13 112.75 4.539e-13
116.25 4.795e-13
505.000000
4.25 8.934e-17 7.75 5.818e-17 11.25 1.079e-13 14.75 2.390e-16
18.25 3.191e-14 21.75 6.291e-15 25.25 1.345e-16 28.75 1.126e-13
32.25 1.585e-13 35.75 5.777e-13 39.25 3.958e-13 42.75 7.938e-13
46.25 6.312e-13 49.75 6.380e-13 53.25 9.980e-13 56.75 9.542e-13
60.25 6.359e-13 63.75 7.801e-13 67.25 1.037e-12 70.75 9.172e-13
74.25 1.119e-12 77.75 8.222e-13 81.25 5.679e-13 84.75 6.151e-13
88.25 8.281e-13 91.75 7.537e-13 95.25 9.521e-13 98.75 6.069e-13
102.25 5.888e-13 105.75 2.414e-13 109.25 3.582e-13 112.75 3.829e-13
116.25 4.010e-13
515.000000
4.25 5.555e-17 7.75 1.413e-17 11.25 6.371e-14 14.75 1.272e-16
18.25 1.969e-14 21.75 6.687e-15 25.25 9.898e-17 28.75 7.792e-14
32.25 9.970e-14 35.75 4.235e-13 39.25 2.908e-13 42.75 6.131e-13
46.25 4.985e-13 49.75 4.893e-13 53.25 7.580e-13 56.75 7.696e-13
60.25 5.033e-13 63.75 6.103e-13 67.25 8.289e-13 70.75 7.298e-13
74.25 9.012e-13 77.75 6.594e-13 81.25 4.655e-13 84.75 4.935e-13
88.25 6.667e-13 91.75 6.111e-13 95.25 7.740e-13 98.75 4.886e-13
102.25 4.824e-13 105.75 2.004e-13 109.25 2.950e-13 112.75 3.170e-13
116.25 3.287e-13
525.000000
4.25 3.421e-17 7.75 3.687e-18 11.25 3.561e-14 14.75 6.678e-17
18.25 1.241e-14 21.75 6.565e-15 25.25 7.545e-17 28.75 5.470e-14
32.25 6.127e-14 35.75 3.088e-13 39.25 2.127e-13 42.75 4.700e-13
46.25 3.893e-13 49.75 3.733e-13 53.25 5.706e-13 56.75 6.126e-13
60.25 3.949e-13 63.75 4.718e-13 67.25 6.536e-13 70.75 5.729e-13
74.25 7.135e-13 77.75 5.210e-13 81.25 3.747e-13 84.75 3.905e-13
88.25 5.277e-13 91.75 4.871e-13 95.25 6.170e-13 98.75 3.868e-13
102.25 3.879e-13 105.75 1.634e-13 109.25 2.402e-13 112.75 2.575e-13
116.25 2.640e-13
535.000000
4.25 2.089e-17 7.75 8.898e-18 11.25 1.858e-14 14.75 3.488e-17
18.25 7.947e-15 21.75 6.093e-15 25.25 5.833e-17 28.75 3.892e-14
32.25 3.721e-14 35.75 2.240e-13 39.25 1.553e-13 42.75 3.573e-13
46.25 3.000e-13 49.75 2.829e-13 53.25 4.256e-13 56.75 4.802e-13
60.25 3.063e-13 63.75 3.601e-13 67.25 5.073e-13 70.75 4.434e-13
74.25 5.546e-13 77.75 4.050e-13 81.25 2.956e-13 84.75 3.043e-13
88.25 4.102e-13 91.75 3.812e-13 95.25 4.818e-13 98.75 3.007e-13
102.25 3.056e-13 105.75 1.307e-13 109.25 1.929e-13 112.75 2.048e-13
116.25 2.076e-13
545.000000
4.25 1.235e-17 7.75 9.063e-18 11.25 8.389e-15 14.75 1.745e-17
18.25 5.030e-15 21.75 5.420e-15 25.25 4.479e-17 28.75 2.768e-14
32.25 2.214e-14 35.75 1.603e-13 39.25 1.122e-13 42.75 2.675e-13
46.25 2.265e-13 49.75 2.112e-13 53.25 3.121e-13 56.75 3.686e-13
60.25 2.332e-13 63.75 2.695e-13 67.25 3.853e-13 70.75 3.363e-13
74.25 4.209e-13 77.75 3.079e-13 81.25 2.276e-13 84.75 2.323e-13
88.25 3.115e-13 91.75 2.915e-13 95.25 3.670e-13 98.75 2.285e-13
102.25 2.349e-13 105.75 1.021e-13 109.25 1.519e-13 112.75 1.590e-13
116.25 1.592e-13
555.000000
4.25 7.259e-18 7.75 7.193e-18 11.25 3.108e-15 14.75 8.829e-18
18.25 3.202e-15 21.75 4.629e-15 25.25 3.407e-17 28.75 1.986e-14
32.25 1.356e-14 35.75 1.143e-13 39.25 8.121e-14 42.75 1.983e-13
46.25 1.685e-13 49.75 1.562e-13 53.25 2.268e-13 56.75 2.779e-13
60.25 1.749e-13 63.75 1.990e-13 67.25 2.877e-13 70.75 2.513e-13
74.25 3.132e-13 77.75 2.300e-13 81.25 1.716e-13 84.75 1.744e-13
88.25 2.322e-13 91.75 2.185e-13 95.25 2.738e-13 98.75 1.703e-13
102.25 1.768e-13 105.75 7.806e-14 109.25 1.175e-13 112.75 1.208e-13
116.25 1.195e-13
