33 56
2.500 0
118.000 560
5.000000
4.25 4.390e-10 7.75 3.680e-10 11.25 2.111e-10 14.75 4.786e-11
18.25 9.812e-11 21.75 1.336e-08 25.25 5.301e-11 28.75 1.271e-08
32.25 1.397e-09 35.75 6.907e-10 39.25 6.303e-09 42.75 1.233e-08
46.25 1.498e-08 49.75 2.038e-09 53.25 1.909e-09 56.75 2.552e-09
60.25 9.988e-10 63.75 1.019e-09 67.25 7.892e-10 70.75 6.136e-10
74.25 7.007e-10 77.75 7.410e-10 81.25 6.334e-10 84.75 6.447e-10
88.25 8.411e-10 91.75 4.943e-10 95.25 1.488e-09 98.75 2.951e-10
102.25 9.565e-10 105.75 3.096e-10 109.25 3.882e-10 112.75 5.841e-11
116.25 3.859e-10
15.000000
4.25 4.289e-10 7.75 3.667e-10 11.25 1.245e-09 14.75 4.414e-11
18.25 1.416e-09 21.75 1.313e-08 25.25 5.161e-11 28.75 1.253e-08
32.25 1.381e-09 35.75 7.287e-10 39.25 6.239e-09 42.75 1.212e-08
46.25 1.475e-08 49.75 2.051e-09 53.25 1.912e-09 56.75 2.506e-09
60.25 1.015e-09 63.75 1.055e-09 67.25 8.023e-10 70.75 6.266e-10
74.25 7.128e-10 77.75 7.576e-10 81.25 6.373e-10 84.75 6.436e-10
88.25 8.230e-10 91.75 4.958e-10 95.25 1.462e-09 98.75 3.053e-10
102.25 9.391e-10 105.75 3.008e-10 109.25 3.828e-10 112.75 6.323e-11
116.25 3.767e-10
25.000000
4.25 4.097e-10 7.75 3.637e-10 11.25 3.143e-09 14.75 3.739e-11
18.25 3.878e-09 21.75 1.270e-08 25.25 4.897e-11 28.75 1.216e-08
32.25 1.352e-09 35.75 7.975e-10 39.25 6.113e-09 42.75 1.173e-08
46.25 1.430e-08 49.75 2.070e-09 53.25 1.914e-09 56.75 2.417e-09
60.25 1.041e-09 63.75 1.116e-09 67.25 8.243e-10 70.75 6.487e-10
74.25 7.328e-10 77.75 7.856e-10 81.25 6.426e-10 84.75 6.404e-10
88.25 7.883e-10 91.75 4.969e-10 95.25 1.413e-09 98.75 3.231e-10
102.25 9.053e-10 105.75 2.842e-10 109.25 3.726e-10 112.75 7.188e-11
116.25 3.592e-10
35.000000
4.25 3.826e-10 7.75 3.586e-10 11.25 5.685e-09 14.75 2.849e-11
18.25 7.271e-09 21.75 1.207e-08 25.25 4.523e-11 28.75 1.164e-08
32.25 1.309e-09 35.75 8.876e-10 39.25 5.925e-09 42.75 1.116e-08
46.25 1.366e-08 49.75 2.086e-09 53.25 1.909e-09 56.75 2.289e-09
60.25 1.071e-09 63.75 1.190e-09 67.25 8.491e-10 70.75 6.737e-10
74.25 7.542e-10 77.75 8.168e-10 81.25 6.454e-10 84.75 6.332e-10
88.25 7.383e-10 91.75 4.949e-10 95.25 1.339e-09 98.75 3.448e-10
102.25 8.552e-10 105.75 2.608e-10 109.25 3.578e-10 112.75 8.297e-11
116.25 3.340e-10
45.000000
4.25 3.493e-10 7.75 3.509e-10 11.25 8.544e-09 14.75 1.871e-11
18.25 1.126e-08 21.75 1.128e-08 25.25 4.066e-11 28.75 1.097e-08
32.25 1.254e-09 35.75 9.851e-10 39.25 5.677e-09 42.75 1.044e-08
46.25 1.283e-08 49.75 2.087e-09 53.25 1.891e-09 56.75 2.129e-09
60.25 1.092e-09 63.75 1.258e-09 67.25 8.686e-10 70.75 6.938e-10
74.25 7.687e-10 77.75 8.408e-10 81.25 6.411e-10 84.75 6.198e-10
88.25 6.755e-10 91.75 4.864e-10 95.25 1.242e-09 98.75 3.653e-10
102.25 7.905e-10 105.75 2.323e-10 109.25 3.389e-10 112.75 9.449e-11
116.25 3.026e-10
55.000000
4.25 3.123e-10 7.75 3.403e-10 11.25 1.139e-08 14.75 9.225e-12
18.25 1.546e-08 21.75 1.037e-08 25.25 3.564e-11 28.75 1.019e-08
32.25 1.191e-09 35.75 1.077e-09 39.25 5.375e-09 42.75 9.616e-09
46.25 1.188e-08 49.75 2.064e-09 53.25 1.855e-09 56.75 1.946e-09
60.25 1.097e-09 63.75 1.304e-09 67.25 8.763e-10 70.75 7.032e-10
74.25 7.703e-10 77.75 8.494e-10 81.25 6.267e-10 84.75 5.986e-10
88.25 6.038e-10 91.75 4.698e-10 95.25 1.127e-09 98.75 3.802e-10
102.25 7.145e-10 105.75 2.010e-10 109.25 3.166e-10 112.75 1.046e-10
116.25 2.670e-10
65.000000
4.25 2.733e-10 7.75 3.261e-10 11.25 1.390e-08 14.75 2.509e-12
18.25 1.952e-08 21.75 9.381e-09 25.25 3.044e-11 28.75 9.325e-09
32.25 1.121e-09 35.75 1.149e-09 39.25 5.020e-09 42.75 8.712e-09
46.25 1.082e-08 49.75 2.005e-09 53.25 1.794e-09 56.75 1.747e-09
60.25 1.078e-09 63.75 1.315e-09 67.25 8.654e-10 70.75 6.955e-10
74.25 7.526e-10 77.75 8.336e-10 81.25 5.988e-10 84.75 5.676e-10
88.25 5.262e-10 91.75 4.432e-10 95.25 9.974e-10 98.75 3.851e-10
102.25 6.300e-10 105.75 1.686e-10 109.25 2.910e-10 112.75 1.113e-10
116.25 2.291e-10
75.000000
4.25 2.342e-10 7.75 3.089e-10 11.25 1.590e-08 14.75 5.227e-12
18.25 2.315e-08 21.75 8.351e-09 25.25 2.538e-11 28.75 8.406e-09
32.25 1.046e-09 35.75 1.195e-09 39.25 4.627e-09 42.75 7.771e-09
46.25 9.706e-09 49.75 1.911e-09 53.25 1.710e-09 56.75 1.542e-09
60.25 1.035e-09 63.75 1.290e-09 67.25 8.360e-10 70.75 6.710e-10
74.25 7.167e-10 77.75 7.940e-10 81.25 5.592e-10 84.75 5.278e-10
88.25 4.470e-10 91.75 4.085e-10 95.25 8.598e-10 98.75 3.793e-10
102.25 5.419e-10 105.75 1.369e-10 109.25 2.632e-10 112.75 1.141e-10
116.25 1.913e-10
85.000000
4.25 1.967e-10 7.75 2.884e-10 11.25 1.718e-08 14.75 9.332e-12
18.25 2.602e-08 21.75 7.320e-09 25.25 2.068e-11 28.75 7.464e-09
32.25 9.700e-10 35.75 1.207e-09 39.25 4.201e-09 42.75 6.826e-09
46.25 8.572e-09 49.75 1.780e-09 53.25 1.600e-09 56.75 1.339e-09
60.25 9.649e-10 63.75 1.223e-09 67.25 7.856e-10 70.75 6.282e-10
74.25 6.617e-10 77.75 7.289e-10 81.25 5.081e-10 84.75 4.789e-10
88.25 3.702e-10 91.75 3.666e-10 95.25 7.209e-10 98.75 3.610e-10
102.25 4.546e-10 105.75 1.079e-10 109.25 2.334e-10 112.75 1.120e-10
116.25 1.555e-10
95.000000
4.25 1.619e-10 7.75 2.654e-10 11.25 1.772e-08 14.75 1.147e-11
18.25 2.800e-08 21.75 6.323e-09 25.25 1.647e-11 28.75 6.532e-09
32.25 8.929e-10 35.75 1.185e-09 39.25 3.757e-09 42.75 5.908e-09
46.25 7.457e-09 49.75 1.618e-09 53.25 1.469e-09 56.75 1.145e-09
60.25 8.748e-10 63.75 1.123e-09 67.25 7.181e-10 70.75 5.708e-10
74.25 5.926e-10 77.75 6.448e-10 81.25 4.491e-10 84.75 4.238e-10
88.25 2.993e-10 91.75 3.206e-10 95.25 5.879e-10 98.75 3.320e-10
102.25 3.723e-10 105.75 8.255e-11 109.25 2.027e-10 112.75 1.055e-10
116.25 1.235e-10
105.000000
4.25 1.305e-10 7.75 2.407e-10 11.25 1.760e-08 14.75 1.214e-11
18.25 2.905e-08 21.75 5.385e-09 25.25 1.272e-11 28.75 5.635e-09
32.25 8.162e-10 35.75 1.132e-09 39.25 3.307e-09 42.75 5.041e-09
46.25 6.390e-09 49.75 1.438e-09 53.25 1.324e-09 56.75 9.651e-10
60.25 7.717e-10 63.75 1.002e-09 67.25 6.384e-10 70.75 5.038e-10
74.25 5.153e-10 77.75 5.502e-10 81.25 3.862e-10 84.75 3.654e-10
88.25 2.366e-10 91.75 2.734e-10 95.25 4.663e-10 98.75 2.953e-10
102.25 2.975e-10 105.75 6.135e-11 109.25 1.722e-10 112.75 9.561e-11
116.25 9.606e-11
115.000000
4.25 1.030e-10 7.75 2.151e-10 11.25 1.692e-08 14.75 1.185e-11
18.25 2.918e-08 21.75 4.526e-09 25.25 9.414e-12 28.75 4.793e-09
32.25 7.403e-10 35.75 1.053e-09 39.25 2.864e-09 42.75 4.241e-09
46.25 5.394e-09 49.75 1.248e-09 53.25 1.169e-09 56.75 8.045e-10
60.25 6.627e-10 63.75 8.676e-10 67.25 5.515e-10 70.75 4.317e-10
74.25 4.353e-10 77.75 4.531e-10 81.25 3.226e-10 84.75 3.070e-10
88.25 1.838e-10 91.75 2.271e-10 95.25 3.604e-10 98.75 2.537e-10
102.25 2.320e-10 105.75 4.450e-11 109.25 1.431e-10 112.75 8.362e-11
116.25 7.354e-11
125.000000
4.25 7.934e-11 7.75 1.896e-10 11.25 1.581e-08 14.75 1.108e-11
18.25 2.846e-08 21.75 3.757e-09 25.25 6.510e-12 28.75 4.023e-09
32.25 6.659e-10 35.75 9.555e-10 39.25 2.438e-09 42.75 3.522e-09
46.25 4.485e-09 49.75 1.060e-09 53.25 1.013e-09 56.75 6.654e-10
60.25 5.547e-10 63.75 7.309e-10 67.25 4.625e-10 70.75 3.590e-10
74.25 3.574e-10 77.75 3.610e-10 81.25 2.613e-10 84.75 2.515e-10
88.25 1.415e-10 91.75 1.834e-10 95.25 2.723e-10 98.75 2.102e-10
102.25 1.764e-10 105.75 3.179e-11 109.25 1.165e-10 112.75 7.075e-11
116.25 5.582e-11
135.000000
4.25 5.960e-11 7.75 1.648e-10 11.25 1.441e-08 14.75 1.023e-11
18.25 2.702e-08 21.75 3.084e-09 25.25 3.988e-12 28.75 3.335e-09
32.25 5.938e-10 35.75 8.465e-10 39.25 2.042e-09 42.75 2.890e-09
46.25 3.672e-09 49.75 8.827e-10 53.25 8.608e-10 56.75 5.486e-10
60.25 4.534e-10 63.75 5.997e-10 67.25 3.763e-10 70.75 2.899e-10
74.25 2.859e-10 77.75 2.799e-10 81.25 2.048e-10 84.75 2.014e-10
88.25 1.091e-10 91.75 1.436e-10 95.25 2.024e-10 98.75 1.678e-10
102.25 1.307e-10 105.75 2.273e-11 109.25 9.317e-11 112.75 5.812e-11
116.25 4.232e-11
145.000000
4.25 4.351e-11 7.75 1.415e-10 11.25 1.286e-08 14.75 9.518e-12
18.25 2.503e-08 21.75 2.505e-09 25.25 1.865e-12 28.75 2.732e-09
32.25 5.250e-10 35.75 7.344e-10 39.25 1.681e-09 42.75 2.344e-09
46.25 2.960e-09 49.75 7.228e-10 53.25 7.191e-10 56.75 4.530e-10
60.25 3.634e-10 63.75 4.800e-10 67.25 2.970e-10 70.75 2.275e-10
74.25 2.236e-10 77.75 2.131e-10 81.25 1.548e-10 84.75 1.580e-10
88.25 8.536e-11 91.75 1.084e-10 95.25 1.495e-10 98.75 1.288e-10
102.25 9.416e-11 105.75 1.664e-11 109.25 7.358e-11 112.75 4.655e-11
116.25 3.226e-11
155.000000
4.25 3.075e-11 7.75 1.200e-10 11.25 1.127e-08 14.75 8.998e-12
18.25 2.266e-08 21.75 2.015e-09 25.25 4.499e-13 28.75 2.215e-09
32.25 4.606e-10 35.75 6.262e-10 39.25 1.362e-09 42.75 1.883e-09
46.25 2.349e-09 49.75 5.844e-10 53.25 5.923e-10 56.75 3.762e-10
60.25 2.870e-10 63.75 3.755e-10 67.25 2.279e-10 70.75 1.741e-10
74.25 1.721e-10 77.75 1.617e-10 81.25 1.127e-10 84.75 1.222e-10
88.25 6.861e-11 91.75 7.843e-11 95.25 1.110e-10 98.75 9.485e-11
102.25 6.594e-11 105.75 1.280e-11 109.25 5.760e-11 112.75 3.654e-11
116.25 2.487e-11
165.000000
4.25 2.090e-11 7.75 1.006e-10 11.25 9.713e-09 14.75 8.608e-12
18.25 2.008e-08 21.75 1.606e-09 25.25 9.981e-13 28.75 1.779e-09
32.25 4.018e-10 35.75 5.272e-10 39.25 1.088e-09 42.75 1.498e-09
46.25 1.835e-09 49.75 4.686e-10 53.25 4.831e-10 56.75 3.149e-10
60.25 2.252e-10 63.75 2.881e-10 67.25 1.712e-10 70.75 1.310e-10
74.25 1.318e-10 77.75 1.244e-10 81.25 7.894e-11 84.75 9.357e-11
88.25 5.701e-11 91.75 5.420e-11 95.25 8.399e-11 98.75 6.700e-11
102.25 4.524e-11 105.75 1.052e-11 109.25 4.472e-11 112.75 2.823e-11
116.25 1.948e-11
175.000000
4.25 1.354e-11 7.75 8.346e-11 11.25 8.244e-09 14.75 8.223e-12
18.25 1.743e-08 21.75 1.267e-09 25.25 1.686e-12 28.75 1.416e-09
32.25 3.491e-10 35.75 4.406e-10 39.25 8.576e-10 42.75 1.182e-09
46.25 1.413e-09 49.75 3.745e-10 53.25 3.924e-10 56.75 2.656e-10
60.25 1.774e-10 63.75 2.180e-10 67.25 1.276e-10 70.75 9.820e-11
74.25 1.023e-10 77.75 9.883e-11 81.25 5.377e-11 84.75 7.141e-11
88.25 4.896e-11 91.75 3.588e-11 95.25 6.537e-11 98.75 4.553e-11
102.25 3.125e-11 105.75 9.276e-12 109.25 3.426e-11 112.75 2.157e-11
116.25 1.564e-11
185.000000
4.25 8.231e-12 7.75 6.843e-11 11.25 6.890e-09 14.75 7.726e-12
18.25 1.485e-08 21.75 9.887e-10 25.25 1.924e-12 28.75 1.119e-09
32.25 3.027e-10 35.75 3.676e-10 39.25 6.686e-10 42.75 9.260e-10
46.25 1.074e-09 49.75 2.996e-10 53.25 3.194e-10 56.75 2.251e-10
60.25 1.421e-10 63.75 1.642e-10 67.25 9.666e-11 70.75 7.507e-11
74.25 8.232e-11 77.75 8.192e-11 81.25 3.667e-11 84.75 5.466e-11
88.25 4.327e-11 91.75 2.334e-11 95.25 5.259e-11 98.75 3.019e-11
102.25 2.307e-11 105.75 8.641e-12 109.25 2.557e-11 112.75 1.639e-11
116.25 1.304e-11
195.000000
4.25 4.557e-12 7.75 5.543e-11 11.25 5.667e-09 14.75 7.046e-12
18.25 1.243e-08 21.75 7.623e-10 25.25 1.809e-12 28.75 8.785e-10
32.25 2.623e-10 35.75 3.079e-10 39.25 5.169e-10 42.75 7.207e-10
46.25 8.079e-10 49.75 2.408e-10 53.25 2.621e-10 56.75 1.911e-10
60.25 1.170e-10 63.75 1.250e-10 67.25 7.694e-11 70.75 6.009e-11
74.25 6.994e-11 77.75 7.093e-11 81.25 2.660e-11 84.75 4.227e-11
88.25 3.911e-11 91.75 1.606e-11 95.25 4.373e-11 98.75 2.029e-11
102.25 1.960e-11 105.75 8.338e-12 109.25 1.823e-11 112.75 1.253e-11
116.25 1.144e-11
205.000000
4.25 2.142e-12 7.75 4.431e-11 11.25 4.580e-09 14.75 6.172e-12
18.25 1.021e-08 21.75 5.796e-10 25.25 1.472e-12 28.75 6.855e-10
32.25 2.272e-10 35.75 2.600e-10 39.25 3.976e-10 42.75 5.577e-10
46.25 6.042e-10 49.75 1.949e-10 53.25 2.178e-10 56.75 1.618e-10
60.25 9.963e-11 63.75 9.800e-11 67.25 6.611e-11 70.75 5.137e-11
74.25 6.311e-11 77.75 6.360e-11 81.25 2.208e-11 84.75 3.332e-11
88.25 3.595e-11 91.75 1.310e-11 95.25 3.743e-11 98.75 1.488e-11
102.25 1.956e-11 105.75 8.180e-12 109.25 1.208e-11 112.75 9.817e-12
116.25 1.065e-11
215.000000
4.25 6.750e-13 7.75 3.488e-11 11.25 3.630e-09 14.75 5.145e-12
18.25 8.247e-09 21.75 4.337e-10 25.25 1.040e-12 28.75 5.322e-10
32.25 1.969e-10 35.75 2.220e-10 39.25 3.053e-10 42.75 4.295e-10
46.25 4.516e-10 49.75 1.592e-10 53.25 1.836e-10 56.75 1.363e-10
60.25 8.770e-11 63.75 8.059e-11 67.25 6.157e-11 70.75 4.689e-11
74.25 5.972e-11 77.75 5.830e-11 81.25 2.142e-11 84.75 2.704e-11
88.25 3.344e-11 91.75 1.330e-11 95.25 3.285e-11 98.75 1.286e-11
102.25 2.158e-11 105.75 8.050e-12 109.25 7.188e-12 112.75 8.106e-12
116.25 1.045e-11
225.000000
4.25 1.771e-13 7.75 2.699e-11 11.25 2.816e-09 14.75 4.043e-12
18.25 6.545e-09 21.75 3.186e-10 25.25 6.173e-13 28.75 4.116e-10
32.25 1.707e-10 35.75 1.920e-10 39.25 2.350e-10 42.75 3.297e-10
46.25 3.392e-10 49.75 1.312e-10 53.25 1.569e-10 56.75 1.141e-10
60.25 7.911e-11 63.75 7.014e-11 67.25 6.071e-11 70.75 4.483e-11
74.25 5.790e-11 77.75 5.401e-11 81.25 2.292e-11 84.75 2.280e-11
88.25 3.129e-11 91.75 1.538e-11 95.25 2.949e-11 98.75 1.312e-11
102.25 2.434e-11 105.75 7.874e-12 109.25 3.682e-12 112.75 7.239e-12
116.25 1.060e-11
235.000000
4.25 5.777e-13 7.75 2.048e-11 11.25 2.133e-09 14.75 2.955e-12
18.25 5.104e-09 21.75 2.293e-10 25.25 2.725e-13 28.75 3.174e-10
32.25 1.482e-10 35.75 1.681e-10 39.25 1.823e-10 42.75 2.527e-10
46.25 2.574e-10 49.75 1.091e-10 53.25 1.353e-10 56.75 9.509e-11
60.25 7.220e-11 63.75 6.420e-11 67.25 6.132e-11 70.75 4.369e-11
74.25 5.622e-11 77.75 5.017e-11 81.25 2.511e-11 84.75 2.008e-11
88.25 2.930e-11 91.75 1.817e-11 95.25 2.703e-11 98.75 1.466e-11
102.25 2.674e-11 105.75 7.612e-12 109.25 1.663e-12 112.75 7.039e-12
116.25 1.086e-11
245.000000
4.25 7.129e-13 7.75 1.518e-11 11.25 1.575e-09 14.75 1.965e-12
18.25 3.911e-09 21.75 1.612e-10 25.25 4.724e-14 28.75 2.445e-10
32.25 1.288e-10 35.75 1.489e-10 39.25 1.431e-10 42.75 1.938e-10
46.25 1.978e-10 49.75 9.146e-11 53.25 1.174e-10 56.75 7.912e-11
60.25 6.584e-11 63.75 6.070e-11 67.25 6.170e-11 70.75 4.242e-11
74.25 5.371e-11 77.75 4.648e-11 81.25 2.684e-11 84.75 1.845e-11
88.25 2.729e-11 91.75 2.069e-11 95.25 2.524e-11 98.75 1.662e-11
102.25 2.801e-11 105.75 7.246e-12 109.25 1.099e-12 112.75 7.309e-12
116.25 1.104e-11
255.000000
4.25 6.980e-13 7.75 1.104e-11 11.25 1.138e-09 14.75 1.152e-12
18.25 2.958e-09 21.75 1.115e-10 25.25 1.038e-13 28.75 1.895e-10
32.25 1.124e-10 35.75 1.331e-10 39.25 1.148e-10 42.75 1.500e-10
46.25 1.546e-10 49.75 7.754e-11 53.25 1.021e-10 56.75 6.626e-11
60.25 5.936e-11 63.75 5.804e-11 67.25 6.069e-11 70.75 4.035e-11
74.25 4.987e-11 77.75 4.285e-11 81.25 2.731e-11 84.75 1.754e-11
88.25 2.511e-11 91.75 2.222e-11 95.25 2.395e-11 98.75 1.828e-11
102.25 2.766e-11 105.75 6.771e-12 109.25 1.837e-12 112.75 7.833e-12
116.25 1.096e-11
265.000000
4.25 6.226e-13 7.75 7.880e-12 11.25 8.098e-10 14.75 5.530e-13
18.25 2.214e-09 21.75 7.600e-11 25.25 1.565e-13 28.75 1.480e-10
32.25 9.851e-11 35.75 1.196e-10 39.25 9.407e-11 42.75 1.175e-10
46.25 1.222e-10 49.75 6.640e-11 53.25 8.880e-11 56.75 5.614e-11
60.25 5.262e-11 63.75 5.508e-11 67.25 5.793e-11 70.75 3.736e-11
74.25 4.489e-11 77.75 3.925e-11 81.25 2.633e-11 84.75 1.695e-11
88.25 2.275e-11 91.75 2.248e-11 95.25 2.290e-11 98.75 1.919e-11
102.25 2.581e-11 105.75 6.218e-12 109.25 3.358e-12 112.75 8.354e-12
116.25 1.057e-11
275.000000
4.25 5.320e-13 7.75 5.473e-12 11.25 5.634e-10 14.75 1.440e-13
18.25 1.631e-09 21.75 5.046e-11 25.25 1.750e-13 28.75 1.160e-10
32.25 8.625e-11 35.75 1.073e-10 39.25 7.825e-11 42.75 9.266e-11
46.25 9.678e-11 49.75 5.721e-11 53.25 7.706e-11 56.75 4.808e-11
60.25 4.588e-11 63.75 5.150e-11 67.25 5.385e-11 70.75 3.375e-11
74.25 3.938e-11 77.75 3.568e-11 81.25 2.428e-11 84.75 1.640e-11
88.25 2.033e-11 91.75 2.170e-11 95.25 2.185e-11 98.75 1.930e-11
102.25 2.303e-11 105.75 5.638e-12 109.25 5.075e-12 112.75 8.710e-12
116.25 9.919e-12
285.000000
4.25 4.433e-13 7.75 3.688e-12 11.25 3.840e-10 14.75 1.114e-13
18.25 1.182e-09 21.75 3.253e-11 25.25 1.711e-13 28.75 9.130e-11
32.25 7.517e-11 35.75 9.564e-11 39.25 6.581e-11 42.75 7.372e-11
46.25 7.668e-11 49.75 4.954e-11 53.25 6.674e-11 56.75 4.165e-11
60.25 3.944e-11 63.75 4.733e-11 67.25 4.895e-11 70.75 2.983e-11
74.25 3.390e-11 77.75 3.217e-11 81.25 2.157e-11 84.75 1.575e-11
88.25 1.797e-11 91.75 2.017e-11 95.25 2.069e-11 98.75 1.868e-11
102.25 1.982e-11 105.75 5.068e-12 109.25 6.586e-12 112.75 8.820e-12
116.25 9.107e-12
295.000000
4.25 3.639e-13 7.75 2.406e-12 11.25 2.573e-10 14.75 2.172e-13
18.25 8.422e-10 21.75 2.029e-11 25.25 1.529e-13 28.75 7.215e-11
32.25 6.491e-11 35.75 8.434e-11 39.25 5.569e-11 42.75 5.917e-11
46.25 6.083e-11 49.75 4.303e-11 53.25 5.772e-11 56.75 3.643e-11
60.25 3.359e-11 63.75 4.278e-11 67.25 4.372e-11 70.75 2.592e-11
74.25 2.887e-11 77.75 2.875e-11 81.25 1.862e-11 84.75 1.496e-11
88.25 1.582e-11 91.75 1.821e-11 95.25 1.934e-11 98.75 1.748e-11
102.25 1.662e-11 105.75 4.543e-12 109.25 7.619e-12 112.75 8.662e-12
116.25 8.225e-12
305.000000
4.25 2.954e-13 7.75 1.515e-12 11.25 1.705e-10 14.75 2.420e-13
18.25 5.896e-10 21.75 1.218e-11 25.25 1.229e-13 28.75 5.723e-11
32.25 5.523e-11 35.75 7.325e-11 39.25 4.712e-11 42.75 4.790e-11
46.25 4.849e-11 49.75 3.742e-11 53.25 4.988e-11 56.75 3.209e-11
60.25 2.854e-11 63.75 3.810e-11 67.25 3.859e-11 70.75 2.225e-11
74.25 2.463e-11 77.75 2.547e-11 81.25 1.578e-11 84.75 1.400e-11
88.25 1.398e-11 91.75 1.613e-11 95.25 1.778e-11 98.75 1.591e-11
102.25 1.377e-11 105.75 4.083e-12 109.25 8.042e-12 112.75 8.259e-12
116.25 7.357e-12
315.000000
4.25 2.367e-13 7.75 9.224e-13 11.25 1.127e-10 14.75 2.106e-13
18.25 4.054e-10 21.75 7.001e-12 25.25 8.085e-14 28.75 4.551e-11
32.25 4.605e-11 35.75 6.244e-11 39.25 3.962e-11 42.75 3.905e-11
46.25 3.906e-11 49.75 3.252e-11 53.25 4.309e-11 56.75 2.837e-11
60.25 2.436e-11 63.75 3.354e-11 67.25 3.388e-11 70.75 1.899e-11
74.25 2.129e-11 77.75 2.239e-11 81.25 1.329e-11 84.75 1.292e-11
88.25 1.251e-11 91.75 1.413e-11 95.25 1.607e-11 98.75 1.415e-11
102.25 1.147e-11 105.75 3.698e-12 109.25 7.861e-12 112.75 7.668e-12
116.25 6.564e-12
325.000000
4.25 1.863e-13 7.75 5.446e-13 11.25 7.487e-11 14.75 1.529e-13
18.25 2.737e-10 21.75 3.821e-12 25.25 2.878e-14 28.75 3.623e-11
32.25 3.746e-11 35.75 5.212e-11 39.25 3.296e-11 42.75 3.200e-11
46.25 3.197e-11 49.75 2.819e-11 53.25 3.722e-11 56.75 2.510e-11
60.25 2.105e-11 63.75 2.930e-11 67.25 2.973e-11 70.75 1.624e-11
74.25 1.882e-11 77.75 1.954e-11 81.25 1.128e-11 84.75 1.178e-11
88.25 1.139e-11 91.75 1.238e-11 95.25 1.428e-11 98.75 1.239e-11
102.25 9.757e-12 105.75 3.383e-12 109.25 7.194e-12 112.75 6.962e-12
116.25 5.878e-12
335.000000
4.25 1.438e-13 7.75 3.283e-13 11.25 5.153e-11 14.75 9.220e-14
18.25 1.853e-10 21.75 2.068e-12 25.25 3.841e-14 28.75 2.901e-11
32.25 2.985e-11 35.75 4.282e-11 39.25 2.715e-11 42.75 2.647e-11
46.25 2.683e-11 49.75 2.442e-11 53.25 3.223e-11 56.75 2.220e-11
60.25 1.853e-11 63.75 2.556e-11 67.25 2.624e-11 70.75 1.405e-11
74.25 1.711e-11 77.75 1.701e-11 81.25 9.787e-12 84.75 1.065e-11
88.25 1.059e-11 91.75 1.094e-11 95.25 1.252e-11 98.75 1.077e-11
102.25 8.605e-12 105.75 3.127e-12 109.25 6.224e-12 112.75 6.220e-12
116.25 5.313e-12
345.000000
4.25 1.076e-13 7.75 1.984e-13 11.25 3.586e-11 14.75 4.182e-14
18.25 1.235e-10 21.75 1.053e-12 25.25 8.678e-14 28.75 2.315e-11
32.25 2.335e-11 35.75 3.476e-11 39.25 2.213e-11 42.75 2.196e-11
46.25 2.281e-11 49.75 2.107e-11 53.25 2.790e-11 56.75 1.957e-11
60.25 1.649e-11 63.75 2.226e-11 67.25 2.321e-11 70.75 1.230e-11
74.25 1.577e-11 77.75 1.477e-11 81.25 8.633e-12 84.75 9.563e-12
88.25 9.918e-12 91.75 9.750e-12 95.25 1.090e-11 98.75 9.351e-12
102.25 7.764e-12 105.75 2.897e-12 109.25 5.212e-12 112.75 5.509e-12
116.25 4.829e-12
355.000000
4.25 7.761e-14 7.75 1.222e-13 11.25 2.514e-11 14.75 1.530e-14
18.25 8.083e-11 21.75 4.894e-13 25.25 1.287e-13 28.75 1.836e-11
32.25 1.806e-11 35.75 2.805e-11 39.25 1.789e-11 42.75 1.826e-11
46.25 1.951e-11 49.75 1.812e-11 53.25 2.411e-11 56.75 1.719e-11
60.25 1.476e-11 63.75 1.937e-11 67.25 2.053e-11 70.75 1.088e-11
74.25 1.460e-11 77.75 1.280e-11 81.25 7.699e-12 84.75 8.549e-12
88.25 9.293e-12 91.75 8.739e-12 95.25 9.459e-12 98.75 8.127e-12
102.25 7.086e-12 105.75 2.677e-12 109.25 4.286e-12 112.75 4.855e-12
116.25 4.400e-12
365.000000
4.25 5.351e-14 7.75 7.879e-14 11.25 1.772e-11 14.75 1.806e-14
18.25 5.187e-11 21.75 1.971e-13 25.25 1.521e-13 28.75 1.447e-11
32.25 1.397e-11 35.75 2.269e-11 39.25 1.441e-11 42.75 1.521e-11
46.25 1.668e-11 49.75 1.553e-11 53.25 2.082e-11 56.75 1.503e-11
60.25 1.319e-11 63.75 1.682e-11 67.25 1.811e-11 70.75 9.717e-12
74.25 1.346e-11 77.75 1.107e-11 81.25 6.893e-12 84.75 7.611e-12
88.25 8.645e-12 91.75 7.854e-12 95.25 8.221e-12 98.75 7.087e-12
102.25 6.469e-12 105.75 2.456e-12 109.25 3.517e-12 112.75 4.272e-12
116.25 4.004e-12
375.000000
4.25 3.497e-14 7.75 5.405e-14 11.25 1.252e-11 14.75 2.970e-14
18.25 3.265e-11 21.75 5.667e-14 25.25 1.554e-13 28.75 1.130e-11
32.25 1.097e-11 35.75 1.857e-11 39.25 1.165e-11 42.75 1.271e-11
46.25 1.414e-11 49.75 1.328e-11 53.25 1.794e-11 56.75 1.308e-11
60.25 1.172e-11 63.75 1.459e-11 67.25 1.590e-11 70.75 8.741e-12
74.25 1.228e-11 77.75 9.570e-12 81.25 6.150e-12 84.75 6.748e-12
88.25 7.941e-12 91.75 7.052e-12 95.25 7.185e-12 98.75 6.204e-12
102.25 5.854e-12 105.75 2.232e-12 109.25 2.928e-12 112.75 3.760e-12
116.25 3.630e-12
385.000000
4.25 2.140e-14 7.75 3.930e-14 11.25 8.840e-12 14.75 3.288e-14
18.25 2.016e-11 21.75 1.312e-14 25.25 1.403e-13 28.75 8.754e-12
32.25 8.877e-12 35.75 1.548e-11 39.25 9.496e-12 42.75 1.066e-11
46.25 1.184e-11 49.75 1.131e-11 53.25 1.543e-11 56.75 1.133e-11
60.25 1.030e-11 63.75 1.261e-11 67.25 1.385e-11 70.75 7.892e-12
74.25 1.103e-11 77.75 8.257e-12 81.25 5.440e-12 84.75 5.956e-12
88.25 7.184e-12 91.75 6.308e-12 95.25 6.329e-12 98.75 5.451e-12
102.25 5.222e-12 105.75 2.005e-12 109.25 2.503e-12 112.75 3.313e-12
116.25 3.273e-12
395.000000
4.25 1.205e-14 7.75 2.963e-14 11.25 6.237e-12 14.75 3.070e-14
18.25 1.221e-11 21.75 3.182e-14 25.25 1.122e-13 28.75 6.717e-12
32.25 7.445e-12 35.75 1.315e-11 39.25 7.832e-12 42.75 8.948e-12
46.25 9.765e-12 49.75 9.590e-12 53.25 1.323e-11 56.75 9.762e-12
60.25 8.941e-12 63.75 1.087e-11 67.25 1.196e-11 70.75 7.124e-12
74.25 9.759e-12 77.75 7.109e-12 81.25 4.756e-12 84.75 5.232e-12
88.25 6.398e-12 91.75 5.610e-12 95.25 5.622e-12 98.75 4.801e-12
102.25 4.585e-12 105.75 1.782e-12 109.25 2.204e-12 112.75 2.924e-12
116.25 2.933e-12
405.000000
4.25 6.038e-15 7.75 2.252e-14 11.25 4.403e-12 14.75 2.581e-14
18.25 7.269e-12 21.75 4.293e-14 25.25 7.792e-14 28.75 5.105e-12
32.25 6.431e-12 35.75 1.132e-11 39.25 6.529e-12 42.75 7.517e-12
46.25 7.924e-12 49.75 8.089e-12 53.25 1.129e-11 56.75 8.366e-12
60.25 7.655e-12 63.75 9.326e-12 67.25 1.025e-11 70.75 6.409e-12
74.25 8.504e-12 77.75 6.106e-12 81.25 4.111e-12 84.75 4.574e-12
88.25 5.619e-12 91.75 4.958e-12 95.25 5.030e-12 98.75 4.233e-12
102.25 3.970e-12 105.75 1.570e-12 109.25 1.986e-12 112.75 2.584e-12
116.25 2.614e-12
415.000000
4.25 2.483e-15 7.75 1.689e-14 11.25 3.117e-12 14.75 2.011e-14
18.25 4.256e-12 21.75 4.770e-14 25.25 4.412e-14 28.75 3.843e-12
32.25 5.630e-12 35.75 9.770e-12 39.25 5.475e-12 42.75 6.301e-12
46.25 6.341e-12 49.75 6.775e-12 53.25 9.576e-12 56.75 7.131e-12
60.25 6.477e-12 63.75 7.969e-12 67.25 8.711e-12 70.75 5.728e-12
74.25 7.320e-12 77.75 5.234e-12 81.25 3.523e-12 84.75 3.981e-12
88.25 4.886e-12 91.75 4.359e-12 95.25 4.520e-12 98.75 3.731e-12
102.25 3.407e-12 105.75 1.376e-12 109.25 1.809e-12 112.75 2.284e-12
116.25 2.321e-12
425.000000
4.25 6.278e-16 7.75 1.233e-14 11.25 2.216e-12 14.75 1.474e-14
18.25 2.457e-12 21.75 4.873e-14 25.25 1.637e-14 28.75 2.865e-12
32.25 4.901e-12 35.75 8.363e-12 39.25 4.582e-12 42.75 5.259e-12
46.25 5.025e-12 49.75 5.624e-12 53.25 8.054e-12 56.75 6.048e-12
60.25 5.428e-12 63.75 6.779e-12 67.25 7.358e-12 70.75 5.076e-12
74.25 6.247e-12 77.75 4.478e-12 81.25 3.005e-12 84.75 3.454e-12
88.25 4.224e-12 91.75 3.816e-12 95.25 4.066e-12 98.75 3.285e-12
102.25 2.913e-12 105.75 1.203e-12 109.25 1.648e-12 112.75 2.019e-12
116.25 2.056e-12
435.000000
4.25 2.382e-16 7.75 8.690e-15 11.25 1.583e-12 14.75 1.028e-14
18.25 1.404e-12 21.75 4.635e-14 25.25 3.846e-15 28.75 2.117e-12
32.25 4.178e-12 35.75 7.028e-12 39.25 3.799e-12 42.75 4.359e-12
46.25 3.963e-12 49.75 4.623e-12 53.25 6.705e-12 56.75 5.108e-12
60.25 4.521e-12 63.75 5.738e-12 67.25 6.186e-12 70.75 4.454e-12
74.25 5.307e-12 77.75 3.828e-12 81.25 2.563e-12 84.75 2.989e-12
88.25 3.646e-12 91.75 3.331e-12 95.25 3.649e-12 98.75 2.885e-12
102.25 2.495e-12 105.75 1.053e-12 109.25 1.489e-12 112.75 1.783e-12
116.25 1.816e-12
445.000000
4.25 4.954e-16 7.75 5.891e-15 11.25 1.132e-12 14.75 6.866e-15
18.25 7.968e-13 21.75 4.076e-14 25.25 1.498e-14 28.75 1.551e-12
32.25 3.447e-12 35.75 5.756e-12 39.25 3.099e-12 42.75 3.582e-12
46.25 3.124e-12 49.75 3.761e-12 53.25 5.517e-12 56.75 4.297e-12
60.25 3.753e-12 63.75 4.830e-12 67.25 5.181e-12 70.75 3.867e-12
74.25 4.498e-12 77.75 3.270e-12 81.25 2.193e-12 84.75 2.583e-12
88.25 3.149e-12 91.75 2.901e-12 95.25 3.258e-12 98.75 2.523e-12
102.25 2.147e-12 105.75 9.224e-13 109.25 1.330e-12 112.75 1.571e-12
116.25 1.600e-12
455.000000
4.25 4.726e-16 7.75 3.832e-15 11.25 8.059e-13 14.75 4.414e-15
18.25 4.521e-13 21.75 3.267e-14 25.25 1.879e-14 28.75 1.127e-12
32.25 2.732e-12 35.75 4.572e-12 39.25 2.475e-12 42.75 2.916e-12
46.25 2.472e-12 49.75 3.027e-12 53.25 4.482e-12 56.75 3.603e-12
60.25 3.113e-12 63.75 4.042e-12 67.25 4.324e-12 70.75 3.320e-12
74.25 3.810e-12 77.75 2.792e-12 81.25 1.885e-12 84.75 2.229e-12
88.25 2.722e-12 91.75 2.518e-12 95.25 2.885e-12 98.75 2.196e-12
102.25 1.857e-12 105.75 8.094e-13 109.25 1.172e-12 112.75 1.380e-12
116.25 1.404e-12
465.000000
4.25 3.478e-16 7.75 2.387e-15 11.25 5.676e-13 14.75 2.744e-15
18.25 2.580e-13 21.75 2.323e-14 25.25 1.749e-14 28.75 8.125e-13
32.25 2.070e-12 35.75 3.512e-12 39.25 1.932e-12 42.75 2.350e-12
46.25 1.967e-12 49.75 2.414e-12 53.25 3.593e-12 56.75 3.010e-12
60.25 2.582e-12 63.75 3.359e-12 67.25 3.593e-12 70.75 2.819e-12
74.25 3.223e-12 77.75 2.379e-12 81.25 1.626e-12 84.75 1.918e-12
88.25 2.353e-12 91.75 2.177e-12 95.25 2.530e-12 98.75 1.897e-12
102.25 1.610e-12 105.75 7.094e-13 109.25 1.021e-12 112.75 1.205e-12
116.25 1.223e-12
475.000000
4.25 2.125e-16 7.75 1.419e-15 11.25 3.925e-13 14.75 1.653e-15
18.25 1.491e-13 21.75 1.371e-14 25.25 1.336e-14 28.75 5.821e-13
32.25 1.493e-12 35.75 2.605e-12 39.25 1.472e-12 42.75 1.876e-12
46.25 1.573e-12 49.75 1.908e-12 53.25 2.844e-12 56.75 2.504e-12
60.25 2.141e-12 63.75 2.768e-12 67.25 2.970e-12 70.75 2.367e-12
74.25 2.719e-12 77.75 2.020e-12 81.25 1.403e-12 84.75 1.642e-12
88.25 2.026e-12 91.75 1.869e-12 95.25 2.192e-12 98.75 1.623e-12
102.25 1.393e-12 105.75 6.192e-13 109.25 8.788e-13 112.75 1.044e-12
116.25 1.056e-12
485.000000
4.25 1.045e-16 7.75 7.989e-16 11.25 2.647e-13 14.75 9.672e-16
18.25 8.760e-14 21.75 5.183e-15 25.25 8.254e-15 28.75 4.147e-13
32.25 1.019e-12 35.75 1.864e-12 39.25 1.096e-12 42.75 1.484e-12
46.25 1.262e-12 49.75 1.497e-12 53.25 2.222e-12 56.75 2.070e-12
60.25 1.770e-12 63.75 2.260e-12 67.25 2.438e-12 70.75 1.964e-12
74.25 2.280e-12 77.75 1.705e-12 81.25 1.206e-12 84.75 1.397e-12
88.25 1.731e-12 91.75 1.591e-12 95.25 1.873e-12 98.75 1.373e-12
102.25 1.197e-12 105.75 5.364e-13 109.25 7.488e-13 112.75 8.946e-13
116.25 9.006e-13
495.000000
4.25 3.221e-17 7.75 4.206e-16 11.25 1.727e-13 14.75 5.498e-16
18.25 5.249e-14 21.75 2.014e-15 25.25 3.441e-15 28.75 2.940e-13
32.25 6.523e-13 35.75 1.285e-12 39.25 7.974e-13 42.75 1.164e-12
46.25 1.012e-12 49.75 1.166e-12 53.25 1.714e-12 56.75 1.699e-12
60.25 1.456e-12 63.75 1.826e-12 67.25 1.982e-12 70.75 1.610e-12
74.25 1.895e-12 77.75 1.427e-12 81.25 1.028e-12 84.75 1.177e-12
88.25 1.463e-12 91.75 1.338e-12 95.25 1.576e-12 98.75 1.147e-12
102.25 1.017e-12 105.75 4.594e-13 109.25 6.314e-13 112.75 7.571e-13
116.25 7.572e-13
505.000000
4.25 1.330e-17 7.75 2.011e-16 11.25 1.080e-13 14.75 3.030e-16
18.25 3.202e-14 21.75 6.620e-15 25.25 1.395e-15 28.75 2.077e-13
32.25 3.850e-13 35.75 8.524e-13 39.25 5.684e-13 42.75 9.039e-13
46.25 8.076e-13 49.75 9.022e-13 53.25 1.305e-12 56.75 1.379e-12
60.25 1.187e-12 63.75 1.456e-12 67.25 1.592e-12 70.75 1.303e-12
74.25 1.555e-12 77.75 1.180e-12 81.25 8.659e-13 84.75 9.787e-13
88.25 1.219e-12 91.75 1.109e-12 95.25 1.303e-12 98.75 9.422e-13
102.25 8.507e-13 105.75 3.878e-13 109.25 5.262e-13 112.75 6.310e-13
116.25 6.261e-13
515.000000
4.25 2.768e-17 7.75 8.120e-17 11.25 6.374e-14 14.75 1.609e-16
18.25 1.976e-14 21.75 9.679e-15 25.25 3.055e-15 28.75 1.460e-13
32.25 2.018e-13 35.75 5.419e-13 39.25 3.975e-13 42.75 6.948e-13
46.25 6.387e-13 49.75 6.921e-13 53.25 9.802e-13 56.75 1.105e-12
60.25 9.562e-13 63.75 1.144e-12 67.25 1.260e-12 70.75 1.039e-12
74.25 1.257e-12 77.75 9.613e-13 81.25 7.174e-13 84.75 8.013e-13
88.25 9.968e-13 91.75 9.029e-13 95.25 1.057e-12 98.75 7.604e-13
102.25 6.981e-13 105.75 3.217e-13 109.25 4.327e-13 112.75 5.166e-13
116.25 5.079e-13
525.000000
4.25 3.171e-17 7.75 2.377e-17 11.25 3.562e-14 14.75 8.457e-17
18.25 1.246e-14 21.75 1.100e-14 25.25 4.491e-15 28.75 1.033e-13
32.25 8.928e-14 35.75 3.349e-13 39.25 2.763e-13 42.75 5.306e-13
46.25 5.005e-13 49.75 5.284e-13 53.25 7.299e-13 56.75 8.738e-13
60.25 7.605e-13 63.75 8.865e-13 67.25 9.830e-13 70.75 8.168e-13
74.25 9.998e-13 77.75 7.712e-13 81.25 5.838e-13 84.75 6.454e-13
88.25 8.003e-13 91.75 7.226e-13 95.25 8.408e-13 98.75 6.030e-13
102.25 5.617e-13 105.75 2.619e-13 109.25 3.509e-13 112.75 4.153e-13
116.25 4.043e-13
535.000000
4.25 2.841e-17 7.75 5.116e-18 11.25 1.858e-14 14.75 4.443e-17
18.25 7.979e-15 21.75 1.102e-14 25.25 4.968e-15 28.75 7.349e-14
32.25 2.670e-14 35.75 2.029e-13 39.25 1.920e-13 42.75 4.021e-13
46.25 3.875e-13 49.75 4.009e-13 53.25 5.390e-13 56.75 6.807e-13
60.25 5.957e-13 63.75 6.773e-13 67.25 7.553e-13 70.75 6.331e-13
74.25 7.813e-13 77.75 6.081e-13 81.25 4.659e-13 84.75 5.106e-13
88.25 6.297e-13 91.75 5.674e-13 95.25 6.562e-13 98.75 4.694e-13
102.25 4.426e-13 105.75 2.091e-13 109.25 2.802e-13 112.75 3.276e-13
116.25 3.156e-13
545.000000
4.25 2.257e-17 7.75 9.135e-18 11.25 8.392e-15 14.75 2.250e-17
18.25 5.051e-15 21.75 1.022e-14 25.25 4.834e-15 28.75 5.204e-14
32.25 5.416e-15 35.75 1.191e-13 39.25 1.326e-13 42.75 3.003e-13
46.25 2.942e-13 49.75 2.999e-13 53.25 3.916e-13 56.75 5.193e-13
60.25 4.569e-13 63.75 5.069e-13 67.25 5.679e-13 70.75 4.810e-13
74.25 5.968e-13 77.75 4.689e-13 81.25 3.629e-13 84.75 3.949e-13
88.25 4.835e-13 91.75 4.351e-13 95.25 4.998e-13 98.75 3.569e-13
102.25 3.400e-13 105.75 1.630e-13 109.25 2.192e-13 112.75 2.524e-13
116.25 2.405e-13
555.000000
4.25 1.644e-17 7.75 9.959e-18 11.25 3.109e-15 14.75 1.159e-17
18.25 3.215e-15 21.75 8.891e-15 25.25 4.291e-15 28.75 3.708e-14
32.25 1.683e-14 35.75 7.073e-14 39.25 9.254e-14 42.75 2.222e-13
46.25 2.201e-13 49.75 2.223e-13 53.25 2.823e-13 56.75 3.894e-13
60.25 3.443e-13 63.75 3.736e-13 67.25 4.200e-13 70.75 3.598e-13
74.25 4.473e-13 77.75 3.547e-13 81.25 2.768e-13 84.75 2.995e-13
88.25 3.636e-13 91.75 3.270e-13 95.25 3.732e-13 98.75 2.663e-13
102.25 2.557e-13 105.75 1.244e-13 109.25 1.683e-13 112.75 1.906e-13
116.25 1.797e-13
